x	y	z	v
5.67181862728683	4.50027968880397	8.04735914030966	3.97255990607026
5.13675255150757	5.93298962269221	6.61464920642142	10.0553679528624
5.90109551502149	2.55670900795603	9.9909298211576	9.81973120836391
4.64113711790314	3.35679199780211	9.19084683131153	4.32372032026526
6.1559991215797	4.57209009379194	7.97554873532169	4.35006397531505
6.21013689789419	3.99488220706849	8.55275662204514	5.54152450045607
3.44725668367092	6.54254601574317	6.00509281337046	11.0658484342923
4.28729097456289	3.9467936006028	8.60084522851083	5.70473493577928
5.14031426549673	1.67119636327268	10.8764424658409	11.9352434664826
5.26250017744152	2.66741001034965	9.88022881876398	4.3086373391384
7.86711854834061	6.18531986222143	6.3623189668922	4.35452896638609
4.99957691528499	0.952549896087617	11.595088933026	5.91006197910409
2.875924329777	3.0768814415186	9.47075738759503	7.21609205605548
5.85371463987465	5.87010641078743	6.6775324183262	4.02006293101958
6.67829872969605	3.69328327505143	8.8543555540622	12.1809485370644
8.26773936702713	3.27617283984584	9.27146598926779	2.57341475873013
3.48530597198131	2.76861916996115	9.77901965915248	11.5543153346603
5.74253217918975	5.54115975413146	7.00647907498217	12.2089491234324
6.11604564834841	6.52078976849684	6.02684906061679	10.7037545309328
0.707812729553183	2.09653856560531	10.4511002635083	11.505713354363
4.52937030822754	1.7945799342931	10.7530588948205	5.21252130854508
2.02867328768504	5.18856095241507	7.35907787669856	11.8918128660743
6.8011176180824	4.11512503840464	8.432513790709	3.95595433593643
7.97109448791487	5.90030199085455	6.64733683825908	10.2553955055679
4.41045267844055	4.32117844112666	8.22646038798697	5.18233989035339
4.50988912568354	5.77964880468499	6.76799002442865	5.67776388357127
5.82237065661993	4.52124455120418	8.02639427790945	12.1411247204719
2.48143471137556	10.2125846913879	2.33505413772578	3.71643630423301
6.0654331046507	5.97066787771223	6.5769709514014	3.62042019425735
7.65944955967147	2.74533655123156	9.80230227788207	4.59262427726673
7.47857992203814	1.56914640724475	10.9784924218689	11.9670121457925
3.37243603720232	5.55359581866354	6.99404301045009	11.8553131913316
3.76602641839173	4.68617274831412	7.86146608079951	10.7176949390544
-0.00523770889395347	2.62996261198839	9.91767621712524	3.33230728901045
3.18596039968227	2.77688777729109	9.77075105182254	11.0316555851769
6.95989790069992	4.59085853083993	7.9567802982737	9.91658800692971
5.77806821236769	4.88496064080469	7.66267818830894	4.28203618975572
3.67665907801356	3.14982473341433	9.3978140956993	5.08418310127078
0.851843700963512	3.56655745514087	8.98108137397276	6.58112838966376
2.79370495375747	4.08440495880289	8.46323387031074	5.16231611691066
2.40781135092097	4.29033991661519	8.25729891249844	11.1869387526789
6.85486515235518	2.4298199569825	10.1178188721311	12.6567462043774
7.36624128434093	2.83854588565218	9.70909294346145	4.64243134770735
6.18110258535374	4.09986266693666	8.44777616217697	11.0517517947295
7.22290670220674	3.92695255844209	8.62068627067154	11.7554661637088
2.87133189125673	2.67265070256941	9.87498812654422	6.24048627125422
2.67612897740638	2.71822931399961	9.82940951511402	11.0211181663808
8.9636108530042	5.98816875314766	6.55947007596597	10.3393034132398
5.06087612578282	3.95116787896855	8.59647095014508	10.1376336117125
4.97844401537785	2.09399473245093	10.4536440966627	4.65404709940174
5.06519323372653	5.09047778642856	7.45716104268508	11.2726870724462
6.51981609935701	4.94351814615336	7.60412068296027	5.26971506964294
2.58221179992033	6.88600354672517	5.66163528238846	12.0219966776909
4.85878718117796	2.1239444640401	10.4236943650735	11.0712866611397
2.8450319355756	1.79774931774898	10.7498895113647	5.08717136585492
4.67014198071119	3.68657437947947	8.86106444963416	10.6170859090795
5.29772426914037	4.14902033220248	8.39861849691115	12.0568785359048
5.98609964665788	6.95550941161516	5.59212941749847	5.31502964544924
2.9230411271658	7.34225147168841	5.20538735742522	4.90709268266095
2.05118529617773	6.7557666999102	5.79187212920343	3.46520685669309
3.73679008687802	5.72242639890206	6.82521243021157	4.14727522945968
3.51201353408312	4.05439668170546	8.49324214740817	13.0488901756695
6.42768041027534	5.42913801487337	7.11850081424026	4.37787378745001
10.3130599782659	2.18414711989606	10.3634917092176	10.0502415796864
4.25956144290782	1.3305485810283	11.2170902480853	11.1076132332854
5.12366998729694	2.20976976896762	10.337869060146	5.07485299727136
3.69711855342101	2.94622496066653	9.6014138684471	2.80918403914373
3.05197248185504	0.363786961070177	12.1838518680435	4.30684946832531
0.99421213215629	4.40823691851594	8.13940191059769	4.99816773529331
3.68262703046181	4.45750297699445	8.09013585211918	4.85408965860344
4.86138061213169	4.60302373592028	7.94461509319335	4.21813338820456
6.61079979850902	3.21316915243127	9.33446967668236	3.94632836236591
8.09005713973394	5.79018429476017	6.75745453435346	7.45204062307259
5.66227152221523	6.9693967814652	5.57824204764843	4.34368219663892
2.59567390645919	1.58814278785004	10.9594960412636	10.2044609001297
4.94631458623381	2.38801212233995	10.1596267067737	6.45677119205152
5.31490383795455	3.00214588867552	9.54549294043811	5.15675196559157
5.34568419697041	1.88972943287896	10.6579093962347	10.3027980321373
3.38948922317475	9.86764086330471	2.67999796580892	10.1998068245356
6.89310500688704	1.95470623007534	10.5929325990383	3.7804802472277
4.95555922991465	2.8867638427225	9.66087498639113	3.96876762720558
3.67318370154701	2.50263095293449	10.0450078761791	5.17813935691688
8.31171490816849	3.18339987410059	9.36423895501304	5.5845156389378
3.46851781951671	1.09751568008612	11.4501231490275	5.07826846215158
5.14713596272661	4.68155797015082	7.86608085896281	5.68259328730457
4.32239171015592	2.7779526126986	9.76968621641503	2.81228390885218
5.25501005340925	5.23561700181193	7.3120218273017	4.71723070864788
5.38275272110192	3.39684927772382	9.15078955138981	6.32888542697878
3.06386205529189	2.29360934350844	10.2540294856052	5.80823214669358
5.89736959894379	1.16275095409167	11.384887875022	5.27171908479052
2.25736619609849	6.68760403689339	5.86003479222024	10.030432098614
3.4210238126535	2.4110575503684	10.1365812787452	10.6615964576017
8.23306562640676	5.60172175069016	6.94591707842347	4.71041804073821
6.49985172370626	4.81804977110608	7.72958905800755	10.8386743811634
6.51652511653893	4.4186107324876	8.12902809662603	11.2406260703804
3.82801089684845	5.19652519661676	7.35111363249687	10.9602878523578
6.12992963423541	1.79755125235435	10.7500875767593	11.0829295256394
3.3192267683585	1.88107502482821	10.6665638042854	5.90944498463141
7.35544338002331	1.48305959745919	11.0645792316544	5.48662899737617
4.08142403340568	6.14605007922043	6.4015887498932	9.91730152679052
4.1287860550339	7.36551022599566	5.18212860311797	5.02944328068417
5.0617056208795	4.04221660853656	8.50542222057707	12.5087510227221
2.76259401129874	1.9101109569349	10.6375278721787	2.96326820216069
6.34092524620021	8.56388274073139	3.98375608838224	4.40529830503754
3.91241974180378	9.14051916565149	3.40711966346214	5.40893873426765
8.2498818029491	8.35126652308362	4.19637230603001	7.04470888355649
4.2784676380386	7.27699108904466	5.27064774006897	10.5167517456031
5.00270362359203	2.59456598996778	9.95307283914585	11.6801742353943
2.86590775104101	5.67641652817802	6.87122230093561	11.0132703768584
7.91573131426633	4.97380883721006	7.57382999190357	11.7108229621304
7.2559790115777	3.51985041810538	9.02778841100825	10.3459913899034
4.50142617981735	3.41257231830972	9.13506651080391	4.33162244657966
1.78983212546689	1.33438508361498	11.2132537454986	4.77227583885643
7.15291714352342	4.77609007088417	7.77154875822946	10.7069293976672
5.25596571440327	3.26424906220387	9.28338976690976	12.2490218654297
6.21653709539745	4.93289002759861	7.61474880151502	11.6999159800561
4.07613627042844	2.60804831322043	9.9395905158932	5.82766926919098
5.4804465386048	2.70075738319649	9.84688144591714	9.25093127287183
4.19190882972203	1.5189983516342	11.0286404774794	11.5723728077729
5.29135604557386	7.68383973549589	4.86379909361774	4.15785282112555
7.17749682902934	2.19480006153658	10.3528387675771	10.600993753573
5.53939769034676	1.26719912822064	11.280439700893	5.84205751801834
3.98124012232633	4.17353463756822	8.37410419154541	4.32112576808785
7.85613604918556	4.05903472733728	8.48860410177635	12.4147105521235
2.05586063785513	3.7661640211213	8.78147480799233	10.6588750767021
3.80020943233984	2.38064188261941	10.1669969464942	4.936271405439
8.89393145799952	6.95033340861815	5.59730542049548	9.6546765516228
2.59638291275704	3.77150954819258	8.77612928092105	5.14952910702503
4.36783665543588	3.1336657458981	9.41397308321553	9.35742250745183
7.61384560736979	6.36836827082354	6.17927055829009	10.4193187366602
4.02039812832197	3.04804760610831	9.49959122300532	4.73906716347295
5.27495620365978	2.48563662655881	10.0620022025548	5.49802940697947
4.55934818435676	8.29998785171891	4.24765097739472	5.47457906772452
4.990186003572	2.9531163658036	9.59452246331003	4.41074023430563
5.24342903892918	6.61884160721792	5.92879722189571	9.765128950122
6.14445032713445	2.7853504811783	9.76228834793534	9.74972483455177
3.30264982473969	2.59924389203491	9.94839493707872	10.8848480418588
2.31309219605278	2.07469191144474	10.4729469176689	7.2664696348192
4.55171087597998	3.41085818825567	9.13678064085796	3.49696098203051
4.54798873655527	5.77243781207802	6.77520101703561	5.44573124358873
6.13204850088911	3.59754793023836	8.95009089887527	11.0198554526692
3.4616358533813	2.18923146833281	10.3584073607808	6.75356799305731
5.22463387134627	2.04828123019278	10.4993575989209	4.89324611331079
6.70009849185219	5.62524344047083	6.9223953886428	5.35177384351081
4.71469443035385	2.81829276321307	9.72934606590056	10.394291149657
4.56832084477693	2.9397735891756	9.60786523993803	12.1318124863754
4.70436446813109	1.1411440886563	11.4064947404573	11.9616576876316
1.86582585906456	5.27670689826148	7.27093193085215	5.7778287332433
3.43657931457761	2.24436586346725	10.3032729656464	9.40843159174051
3.43009136626757	7.77075068120797	4.77688814790566	4.46641562470888
2.39662159952157	1.38499927665686	11.1626395524568	6.15053830935513
4.00778166083451	6.94035388419369	5.60728494491994	10.2781037107507
2.99164801683852	2.77750003157452	9.77013879753911	12.0352321356458
2.50510024754015	1.17055381217212	11.3770850169415	3.83353610010441
6.5118277528359	2.59709116502257	9.95054766409106	10.8474809720179
5.86866092366836	4.28886727713023	8.2587715519834	4.93953033719806
5.34841726734096	7.82575532651833	4.7218835025953	10.7090504568431
7.08409907527493	0.98152256147137	11.5661162676423	5.0911718921168
4.45284536955732	2.10790425224171	10.4397345768719	12.8952756363014
4.84471554979609	4.0808508707631	8.46678795835053	10.7577840104214
2.11582144247772	2.24210839566722	10.3055304334464	11.186729867745
5.1072590899655	8.99226919689799	3.55536963221564	5.39642953624098
6.83953563195625	3.77062582329379	8.77701300581984	10.0545375830026
1.853027388155	1.06778743556378	11.4798513935499	12.0383406374036
3.87314716623618	3.63018570389541	8.91745312521823	5.83738102255862
6.66302273991604	2.7572040379885	9.79043479112513	4.67955359390735
6.72092425040888	0.726827802139025	11.8208110269746	5.7902968508466
-0.329664790122584	1.75617609697252	10.7914627321411	4.83324551649078
3.34856110502569	1.38240111008607	11.1652377190276	11.0807007401301
4.73380918082429	1.08759200372186	11.4600468253918	12.2446450433487
0.460564210167379	4.82767577669357	7.71996305242006	5.98493389797961
2.98983490392619	4.91122977215105	7.63640905696258	5.25093413202375
2.29270484660563	4.02920390678536	8.51843492232827	5.29117472372307
2.80214672662461	3.90656233081941	8.64107649829422	6.16756231447764
4.54322464505167	5.98029040463733	6.5673484244763	4.34490206852491
4.35524443071216	2.79949412452449	9.74814470458914	4.86304122631758
4.01695977556147	7.31514954791642	5.23248928119721	3.71373199604823
3.48009377239257	2.5826267693173	9.96501205979633	9.82205468346548
2.77419356028466	4.54879512168838	7.99884370742526	5.70943310357847
7.87879403559247	2.87442590650986	9.67321292260377	4.33399985819766
5.03823316260531	2.12834452671673	10.4192943023969	6.5357024574565
5.24554290369775	11.1638895460351	1.38374928307856	10.8608404310964
2.33743633878893	5.0503957216432	7.49724310747043	10.1111432399337
4.69812758627148	4.74677817281956	7.80086065629407	4.87070542312406
3.48567131507262	5.09570040515327	7.45193842396036	5.95675326368795
5.35323998978746	1.91484140562044	10.6327974234932	11.6719898464616
7.11716188330214	4.28753481607983	8.2601040130338	2.41035832279569
6.04442605529412	2.85873498047302	9.68890384864061	3.70119249447801
6.7882459975951	2.5474870360546	10.000151793059	5.71255590597836
7.4091580927721	2.8745654661949	9.67307336291873	6.24438889326079
7.01407675552916	3.43166268352031	9.11597614559332	4.32487377103837
2.36271931913927	4.07029898571905	8.47733984339458	9.38803351755035
1.12421644567668	5.62822817879934	6.91941065031429	10.1388589227697
7.35999746440159	1.6035690307856	10.944069798328	11.0322969702032
6.91087056184524	2.01832524351674	10.5293135855969	4.07922927023054
6.92202295822609	4.98326629175355	7.56437253736008	6.55447435044108
2.45617795663981	3.15920441643503	9.3884344126786	12.8035044173263
5.87752339332513	3.27600299084753	9.2716358382661	5.4122000310933
3.80316318160196	4.63956415201696	7.90807467709667	4.42703166837572
4.40411120385167	2.79977148202187	9.74786734709176	10.7454584396568
0.461118016973884	1.38105728834895	11.1665815407647	12.0703613930524
2.99540364554326	4.00045980850509	8.54717902060855	12.0494384506545
8.68947421427375	4.44976514119702	8.09787368791661	11.891017818451
5.65608615483579	4.18358624770111	8.36405258141252	10.1716209838515
7.43585839248385	4.78173507948949	7.76590374962414	4.54831034704128
7.74235867886949	6.42333369626575	6.12430513284788	10.0958067438782
6.65769709355043	6.74702999070215	5.80060883841148	9.86248813699246
7.19781353134003	2.96376834361193	9.5838704855017	9.54504132600612
7.67987338084183	3.33666461933648	9.21097420977715	10.9824417725882
2.06275608924723	2.19368582520773	10.3539530039059	4.91360935306963
4.93698188169767	2.0361470007579	10.5114918283557	3.80120458907451
5.20789982375403	2.87170644601964	9.67593238309399	4.99127841412363
2.99718210834617	3.37828387202257	9.16935495709106	4.52689899186433
6.44880875240922	2.95913443120654	9.58850439790709	12.1912819315634
2.92908078516223	1.31486392752718	11.2327749015864	9.422336380505
4.9802279108173	1.71904595080411	10.8285928783095	3.3075670514797
3.68871278156387	2.86402410845079	9.68361472066284	6.78811145812874
5.18089284423319	1.63628686155851	10.9113519675551	3.7188516202451
5.96934558009402	3.39695635707339	9.15068247204024	12.1334268086478
4.35511670422356	5.74438122012544	6.80325760898819	13.0284142296001
4.66010631242298	7.06948867429321	5.47815015482042	11.4285244635373
7.76822411830133	3.64825442359053	8.8993844055231	5.92453883981702
1.87888639216628	3.84247326231881	8.70516556679482	3.80111329372563
4.57184110593826	2.3908878020149	10.1567510270987	6.74707288973357
4.16672995892577	3.71147495096539	8.83616387814824	10.0122672896837
2.29683769881217	2.43740604413755	10.1102327849761	4.49819006924953
7.02825624153286	5.69029262144014	6.85734620767349	5.62965905139143
8.15065351577864	4.16909638322515	8.37854244588848	4.20685002962312
11.4681114877448	3.45251849511206	9.09512033400157	10.5840728998131
5.32682032359459	2.57479854721033	9.9728402819033	10.5962833520472
5.51658446460552	3.94777310516335	8.59986572395028	5.74112546996393
7.49907380389403	2.19954677577719	10.3480920533364	3.70260610611323
4.10019232796726	6.09129781575346	6.45634101336017	5.59708189606805
3.8665770655178	4.3307250480438	8.21691378106983	9.54986680479244
7.32434175554267	4.70652471794483	7.8411141111688	11.1759863763327
4.80547090038669	5.62058966007881	6.92704916903482	11.0140430382006
3.32881170050588	2.98362573664255	9.56401309247108	3.6571393058754
3.74068725880596	2.88087049725812	9.66676833185551	4.28176837545396
5.16790918857336	2.37154754482969	10.1760912842839	9.26083250434965
2.93239602858188	2.96820546507827	9.57943336403536	5.74375850613507
5.93049404693115	3.73795333266248	8.80968549645115	3.46026756956607
2.64341493863288	0.981470698445925	11.5661681306677	4.96770482814504
4.52631028193438	2.58534941286306	9.96228941625057	11.716082115282
5.23164468152597	3.19894025383612	9.34869857527751	6.21233967168062
-0.586317947923345	3.17567154902691	9.37196728008672	9.18786889538944
5.18523835135087	2.35163669656811	10.1960021325455	3.75541694846792
6.09200030901414	5.90689531289114	6.64074351622249	10.3680752674967
7.88742639308852	4.17032419336457	8.37731463574906	10.3643613758303
3.00977075199939	5.89721525338459	6.65042357572904	12.3541903019186
2.80770114086247	4.88714974036569	7.66048908874794	11.3588409518026
7.59074967051971	3.9982081472235	8.54943068189013	4.88375987877572
3.6313506324701	1.48154495872732	11.0660938703863	6.23485553628336
4.97602830724459	1.88764230198137	10.6599965271323	4.16034348527007
5.0599707407264	5.52802074603315	7.01961808308048	11.8384335947516
7.6877320297211	5.5442842350402	7.00335459407343	10.525912950456
4.62637505367399	2.33238379857221	10.2152550305414	11.1447106157612
4.38310118836705	2.94486358826841	9.60277524084522	11.4711579418946
4.62551169992717	2.94169004444653	9.6059487846671	5.55495154302664
5.36737258907369	4.43071004513349	8.11692878398014	3.60322087960815
4.29177134895454	5.7340333668914	6.81360546222223	3.2807998905137
2.10556529589007	5.5029721191525	7.04466670996113	10.1735508493427
9.30516076958049	1.68648485485026	10.8611539742634	10.5616912981871
8.52791624469253	4.85648431034951	7.69115451876412	9.5248025469456
4.51000580860352	1.49335357010376	11.0542852590099	13.1093354122175
1.73603957763459	6.26675387617877	6.28088495293486	9.79713708344907
10.1580793514216	5.39790923825866	7.14972959085497	5.90073982022828
5.36899038434905	2.85609789695893	9.6915409321547	6.40693322617417
5.71337687278509	1.40881350579928	11.1388253233144	4.44220049039685
4.82361030812582	2.56163669527809	9.98600213383554	11.0309136958352
3.47342667747565	4.14985655350189	8.39778227561174	11.3682016798991
4.78058576076361	0.743291159785846	11.8043476693278	9.34333373653803
4.74627349636699	3.83615682569413	8.7114820034195	5.18475210922288
7.14635551297126	0.805450111177882	11.7421887179357	12.0025734398752
3.53006490824091	6.05445544670384	6.49318338240979	12.4095884506365
9.37982775100808	5.79874431463016	6.74889451448347	3.97725514732615
4.61594629363013	5.22277362772921	7.32486520138442	10.0858341356186
3.16740737853874	7.11301407276726	5.43462475634637	11.2527624130626
3.60359679729297	3.7840129157181	8.76362591339553	5.80636349438272
5.47976082291793	1.8032236007562	10.7444152283574	10.9107076412262
1.25613980373579	5.21427083708122	7.33336799203241	11.4280247853424
7.32440158354125	5.53431093270152	7.01332789641211	12.2692598565266
4.66634502139876	5.65929421572869	6.88834461338494	5.99412592530734
5.18868672797838	0.924638359341529	11.6230004697721	7.17478002274764
8.07831533178011	3.86874595316265	8.67889287595098	11.9249310904981
3.44652835448136	3.76515638974191	8.78248243937172	5.1391490758433
8.59781333596257	2.38358723790817	10.1640515912055	6.19518591804144
8.64312725629685	2.62218985965207	9.92544896946156	5.24408469935521
5.54914460497134	7.02556388781118	5.52207494130245	4.34390835566454
1.58228977754308	2.49145569214634	10.0561831369673	12.5718561884763
5.91741577855051	5.50881809076243	7.0388207383512	3.43597471955235
6.24604989700047	1.38246393625142	11.1651748928622	5.71742694441061
4.52948137322244	5.72213485941391	6.82550396969972	5.11741687296682
3.67346969909572	3.37539983710672	9.17223899200691	10.7584690671714
4.00833928878487	2.26446863937259	10.283170189741	10.9451387468235
4.82736920966133	3.89022837776441	8.65741045134922	5.67890426743374
4.95442132483464	3.29448651577847	9.25315231333516	12.0075104289561
2.38348981856015	2.49370886315423	10.0539299659594	11.5670141026415
6.93017270943756	2.91151636178363	9.63612246733	11.3809811316031
7.10109965898916	4.27095670885809	8.27668212025554	11.9154404081955
6.54796565956575	6.13842161639321	6.40921721272042	11.4043140451594
2.46221130616937	0.953242230287649	11.594396598826	12.8811427874839
5.06615624994051	4.02561935301203	8.5220194761016	4.17462270921469
7.38931847080745	5.40835135476111	7.13928747435252	3.8034318799938
7.81140441634658	2.63458776561255	9.91305106350108	10.6504969733218
6.01277394990562	2.68188512701707	9.86575370209656	11.0579060032447
5.5547441466523	2.44064371064837	10.1069951184653	11.8697675795855
6.73517951833394	2.65711923861219	9.89051959050144	12.3779590950522
3.59122955999459	10.0886670900056	2.458971739108	5.66010265541933
4.72436512026485	5.59838374404312	6.94925508507051	7.142590928196
3.04451455806923	2.9055673146401	9.64207151447352	11.4498057690898
5.82202405427829	4.27633785560456	8.27130097350907	4.42497741224217
2.22809493332392	6.03961257942214	6.50802624969149	4.01453266073708
5.32132723267417	4.14527146551811	8.40236736359552	5.69587601667283
6.21481117972999	4.48750400482942	8.06013482428421	6.39780759386626
2.74557700709923	10.2860736101754	2.26156521893819	4.82614600669515
3.48467616044755	3.14459799996294	9.40304082915069	11.4339294830912
7.67351451657067	7.02087835115329	5.52676047796034	4.78984720001575
1.65458836158127	5.32955277284578	7.21808605626785	4.51604696783475
2.16937657875355	2.28363449321697	10.2640043358967	6.39212901804578
7.04610610401704	2.25653533062546	10.2911034984882	10.5883209692212
4.98628334309708	3.43319275316681	9.11444607594682	5.73868235232443
3.2507169490405	5.36136079339083	7.1862780357228	4.44188921345867
6.84439663036197	3.18177067856259	9.36586815055104	5.09108610312117
1.98891668443193	3.40254862244825	9.14509020666538	3.97440810712506
3.87387410205938	2.89035417562877	9.65728465348486	4.94116141330824
5.1830530380002	5.42654835575886	7.12109047335477	5.23740678567074
2.64684947028592	5.60964161292457	6.93799721618906	11.7716174781588
3.2307672304244	6.43314014067333	6.1144986884403	5.28646283413075
6.70307555175147	11.1341551851495	1.41348364396416	5.27292016496635
4.84249732090291	3.75707765327271	8.79056117584092	11.5951087325044
4.33263985898837	7.38757890812111	5.16005992099252	4.72884792789406
3.7141210951606	2.35932072767375	10.1883181014399	11.2857350729776
8.77098296588282	2.38605033012119	10.1615884989924	5.34717924256605
6.36139508530509	3.08397227386951	9.46366655524412	10.5709008520975
4.28653993309691	3.60320979919928	8.94442902991435	5.65839620649836
4.80613348852093	4.74553488133335	7.80210394778028	11.3220318493834
2.50950569058715	0.399821467520475	12.1478173615932	6.29383608052799
7.833532614434	5.98524812562956	6.56239070348408	10.9966426513858
5.46192043483119	6.00820119625833	6.5394376328553	11.4910991158181
6.70097672343357	2.57161411541881	9.97602471369482	4.26274281184597
5.21854156733243	2.02865050049337	10.5189883286203	9.92520517231569
8.532547122346	4.70232005712479	7.84531877198884	11.4979268381743
1.88667623984777	8.37829655998183	4.1693422691318	5.35185376853042
4.29138823352276	2.98315204654534	9.5644867825683	11.0745363698742
6.98974296982421	3.21647835229818	9.33116047681545	5.65678431661034
6.82291560639393	2.06535825519876	10.4822805739149	9.70586431489239
5.88489167130112	2.7985673960703	9.74907143304333	5.35004034751425
5.00945781196343	4.4372193511088	8.11041947800483	12.1616598644281
2.96221943787586	5.23973808288304	7.30790074623059	5.36352042943432
5.94542795803773	1.86639007333014	10.6812487557835	3.63794224234605
4.22947935735661	3.76598925338693	8.7816495757267	10.8915402888643
7.84218248739219	3.27543751518248	9.27220131393115	5.45783390259539
3.91705364040166	3.64343350845178	8.90420532066185	5.14536066701245
4.64011202777325	5.36250302617218	7.18513580294145	11.3272696424248
4.29120487297005	10.7727528368019	1.77488599231172	5.148163579562
3.10271539597155	3.67724612307866	8.87039270603497	4.87638063029982
0.408073198426464	7.10371364082594	5.44392518828769	3.96556500364346
3.35840173996308	2.44610767792632	10.1015311511873	10.8651114307939
4.59103636851606	2.96621396809595	9.58142486101768	6.78128642288119
4.75436950428547	4.50007892978024	8.04755989933339	10.9235102794561
6.35875149891747	2.57029918898751	9.97733964012613	4.72956977971103
5.58433714210372	3.82997901928478	8.71765980982885	10.8833922060693
3.98531832587303	3.87493381047455	8.67270501863908	10.2785913751237
3.65611241124222	5.43159756462129	7.11604126449234	5.4369750266832
7.56740384804041	1.96132926598861	10.586309563125	5.62541970592556
6.94530904794124	7.63083217275822	4.91680665635541	9.59340926911746
4.38330944882691	3.13808337966869	9.40955544944494	3.93046937441023
6.61074877159465	3.31733550090592	9.23030332820771	3.48562180504962
6.74618443791097	2.04135035917336	10.5062884699403	10.7081665482804
4.33407451917829	3.44018195932242	9.10745686979121	10.4596705966372
2.36212487856268	3.96640856160446	8.58123026750917	2.9214290814514
7.93537167303551	7.1895622165187	5.35807661259493	11.568591420363
6.61684989233987	2.74240761909339	9.80523121002024	2.87373143741793
6.37821476382547	4.45755326951294	8.09008555960069	3.71659203094001
6.45872939932983	3.23318800098293	9.3144508281307	3.58302747846671
6.66513850467816	2.48973152764422	10.0579073014694	5.41322891291867
0.945180647458727	2.84279011986339	9.70484870925024	5.88549717008638
2.29046841321432	3.6873411489091	8.86029768020453	4.82356656993489
6.17987643382244	7.06991182371383	5.4777270053998	10.8654669967309
2.36552980675618	4.3216902582268	8.22594857088684	3.21445978427099
4.45717496476675	4.9776947468741	7.56994408223953	10.4561954388261
3.71020317236807	2.25300627832772	10.2946325507859	4.17856895905641
4.63129265930669	10.4548951689213	2.09274366019237	5.29787340446218
6.43610892052739	3.88924592544278	8.65839290367085	4.35681232279829
6.74080386780786	4.39271916493169	8.15491966418194	10.3361640297402
5.47624590914245	6.56775765585491	5.97988117325872	2.4871505456894
5.27822031740827	3.82680313773773	8.7208356913759	9.44006048404052
4.81705069975322	6.49893587194665	6.04870295716698	2.91339442963377
1.91183909626594	2.80966182624383	9.7379770028698	10.9675158197614
1.43118460516862	7.06433216832165	5.48330666079198	10.3587801966782
2.04204039018759	5.2847042758419	7.26293455327173	5.13450074499281
7.20433672504363	3.29897518182352	9.2486636472901	11.1164786254081
5.00630982209768	4.26858519559543	8.2790536335182	11.679192376441
3.27894025330744	5.97536541074306	6.57227341837057	5.67625318939431
3.19064384994788	1.65229767816959	10.895341150944	11.5806975628584
3.71099656956541	1.72002159340259	10.827617235711	2.80672056896022
6.52603690512465	1.64960274978691	10.8980360793267	11.5054506665549
6.61406539390904	2.76961014088886	9.77802868822477	4.91662805432671
8.2308708927962	4.34316653115698	8.20447229795665	11.7776595592477
9.33133852886203	2.80945471899564	9.738184110118	11.3361930764018
4.13755553952993	2.50087433878386	10.0467644903298	12.0588538778706
4.37738877173567	3.53682043426187	9.01081839485176	9.62554626225814
5.17937858667077	2.9860071855997	9.56163164351393	9.79961103353789
7.83470005834633	1.8453876802734	10.7022511488402	9.39530186125098
6.43878787321056	4.16413573662731	8.38350309248632	11.2621178036552
4.76069885403033	2.86806035494148	9.67957847417215	5.22962712752007
4.4357873163326	1.78368212392981	10.7639567051838	5.68870135043471
4.98664856183789	1.53002148038924	11.0176173487244	4.30361785666642
4.44894785907383	4.11755452052342	8.43008430859021	6.3459799015141
4.3775525968939	4.67261521300362	7.87502361611001	10.158132587628
3.03388131604543	3.25089889554017	9.29673993357346	4.43922025571818
7.21010022854181	2.43966253098031	10.1079762981333	4.70172612197667
5.53245217957001	3.3884872168961	9.15915161221753	10.5295185341095
5.83910889772787	4.28638012870504	8.26125870040859	5.85132282664194
1.80740339328349	1.5125460480349	11.0350927810787	10.9552514533024
3.04673819060276	2.41410957360914	10.1335292555045	5.46724024002495
6.85947075252105	2.10498024822046	10.4426585808932	3.85845640582328
3.55778831520459	3.46558235236104	9.08205647675259	8.66294536645075
6.99132123994772	2.83967353794352	9.70796529117011	4.88210769197437
4.84875343958109	4.8922269933203	7.65541183579333	10.1521424709059
4.08844677465251	5.43604851857999	7.11159031053364	10.495144855323
2.58642700027718	6.16493417077255	6.38270465834108	8.8734388793076
4.04277584638139	3.67390267808626	8.87373615102737	11.2699435869764
6.21483312380222	3.49125831388319	9.05638051523044	10.442772063891
6.2129279316015	1.94149045929726	10.6061483698164	2.98523621699331
4.67799651833984	4.80839912801735	7.73923970109628	5.51455532370826
2.43760772007923	4.5318733839498	8.01576544516383	9.36952731518971
2.12005530474339	2.19052382249126	10.3571150066224	5.38450953598143
6.54078545067976	3.76757776063843	8.7800610684752	11.1701797173526
6.76898282246168	3.72792465227284	8.81971417684079	11.0089800291308
10.4118836926913	1.69140368979681	10.8562351393168	4.34413352980485
6.45929376518982	2.05825461078287	10.4893842183308	3.54845784688747
1.39913286176528	3.78758087969348	8.76005794942015	9.82719828181151
6.36099644200639	2.73666728921152	9.81097153990211	12.1765383277105
3.04745389189406	3.41107825125553	9.1365605778581	11.7111883046589
7.01112982586461	7.34936823120191	5.19827059791172	12.030714746985
4.54892934980973	1.32928266026833	11.2183561688453	6.02961294885113
5.87737633661943	4.56526068724597	7.98237814186766	6.51576703020989
7.06920392669104	0.917314198080079	11.6303246310336	10.9183219988547
6.69094451613215	3.1870769650099	9.36056186410373	5.37672051184816
5.94947825913986	5.63433961047124	6.91329921864239	11.7100406289827
5.54020846985694	4.35742203163606	8.19021679747758	10.7335845575833
3.27089330833492	4.04096768057109	8.50667114854254	11.0957191567241
5.23061982421038	1.78509671431373	10.7625421147999	10.4471197130329
2.12128059481884	4.39838598312358	8.14925284599005	4.7814051877306
4.84756393527453	1.76583919240447	10.7817996367092	5.18896182419869
3.94125365227005	6.46962543920865	6.07801338990498	6.04471980934358
6.96209840384446	5.36956941172249	7.17806941739114	3.78280649918484
8.15887055436448e-05	3.26366720983099	9.28397161928264	10.9413511476379
5.74973625817932	2.09972574470978	10.4479130844039	10.8487022899179
5.34214612926082	6.50486428865926	6.04277454045437	11.617465427896
6.73315951803036	4.92763089808237	7.62000793103126	10.0303903911324
1.80470636917194	6.40946872190375	6.13817010720988	6.47903710155008
2.83468722298409	2.85701683426449	9.69062199484914	10.9528302375129
3.35176757695256	1.87968355949334	10.6679552696203	12.3952048449463
4.44570962907492	4.21257894261745	8.33505988649618	4.79370018598442
2.55896713370135	5.67189889813263	6.875739930981	4.09046450191145
7.45436056506954	4.77185077999365	7.77578804911998	4.4228092640188
4.5568869468277	3.00823302983401	9.53940579927962	4.18231225832478
4.15869745173709	2.83460511042278	9.71303371869085	6.61867864636183
3.58099671698757	4.79546105462886	7.75217777448477	4.79523312807486
3.03930537098054	10.8139694990886	1.73366933002498	5.89382391904916
3.88900049358826	2.27363387235693	10.2740049567567	5.37811528427598
4.03917113812563	3.69811008909297	8.84952874002066	4.34660052122112
4.46324718253884	2.94479507205493	9.60284375705869	4.33608968740251
0.601822272268226	6.21784667250682	6.32979215660681	10.1164350533998
6.14638702642418	5.18306096693577	7.36457786217786	9.48869361755023
2.73745489345057	7.55363163921526	4.99400718989837	5.77810138555262
5.48127031949251	3.8473765061159	8.70026232299773	6.29384240967898
3.51843471529839	6.64833050598922	5.89930832312441	6.04563235959187
6.98696984344675	4.19642954520171	8.35120928391192	13.0014850152308
2.82650986666223	9.89044675700889	2.65719207210474	10.488271544752
7.92547904478054	3.89327417528125	8.65436465383238	5.03973344785254
3.43340714565457	7.57571174916627	4.97192707994736	11.2004208474367
5.38284519554204	4.71538764038042	7.83225118873321	5.58220639626182
2.30794526195963	3.86508706184298	8.68255176727065	5.48458718808862
8.04376518081582	2.41236282320411	10.1352760059095	4.99115366508918
5.3515776629933	2.11349009870403	10.4341487304096	4.81507058555155
6.37175424112704	3.27811032809131	9.26952850102232	4.24919259430315
5.03388603433349	1.18357638835418	11.3640624407594	9.77808213559088
4.6457847824403	1.10510978670403	11.4425290424096	5.13636385066649
6.1854997468293	6.36202758635706	6.18561124275657	11.4239103018654
3.69834699484594	4.03303785389355	8.51460097522008	5.3368879077947
5.61832028200522	2.37858236548745	10.1690564636262	5.15368290505276
6.91640913334724	2.12318528956744	10.4244535395462	3.74942904429969
5.47345278306477	3.82912516136591	8.71851366774772	4.42437665996199
4.10808377748301	2.79297954755414	9.75465928155949	10.0357076400187
5.13660249852148	2.54972542604753	9.9979134030661	9.70286489107889
2.31422547713398	6.06024212761868	6.48739670149495	6.20308053547696
9.48477859933207	0.323934266353199	12.2237045627604	4.61445223678596
6.75898003651941	3.96825189524467	8.57938693386896	6.871779417965
7.14927191143112	1.21028463514939	11.3373541939642	3.48071207687018
3.59832407879955	1.52751206035025	11.0201267687634	10.1702717207628
6.33100492991228	3.45280959730395	9.09482923180968	5.27790878958524
5.07865211729786	4.40358322976077	8.14405559935286	6.47306301590143
2.43198031583783	2.77618744171878	9.77145138739485	11.1104968082911
7.07389805683497	4.70511246551989	7.84252636359374	9.8288895497866
5.67557387143994	4.12821099333332	8.41942783578031	12.4403170795789
2.53911294215708	3.56194716402151	8.98569166509212	11.1259951851402
4.21621151319053	3.95550892090457	8.59212990820906	5.21513365037724
5.85496702145522	5.58056038649626	6.96707844261737	5.6008262076305
8.46057889723153	1.96062988642376	10.5870089426899	10.9710026677626
7.31229890945746	3.11748012465211	9.43015870446152	5.09836664662332
4.10036500689399	4.37542620659458	8.17221262251905	5.57050208904031
4.2770043696255	1.99337160473243	10.5542672243812	6.12494844436696
6.29020001250714	4.25770863150627	8.28993019760736	12.3200020536806
5.6118543342914	2.89551058072822	9.65212824838541	11.8014606605639
5.65657434884575	7.31130977446669	5.23632905464694	12.2255760852164
4.20304681186927	2.66140207882356	9.88623675029007	3.19121229118176
2.7985522105143	8.53688795172955	4.01075087738408	2.66944295207898
6.2345410296029	2.71544690284368	9.83219192626995	5.19416462548569
5.38174683645154	1.35762313468511	11.1900156944285	3.99178732089926
5.27513658322686	1.24500117653019	11.3026376525834	6.23916256622968
7.48608158848594	5.81419943363657	6.73343939547706	5.26968944572707
4.14525061593059	3.09088342333715	9.45675540577647	5.18269759039054
2.31420058332104	1.30572591949281	11.2419129096208	12.2299195318908
4.44930254134516	1.72743737391335	10.8202014552003	5.42606963122839
5.60364061108226	5.67864929374513	6.8689895353685	11.1606051840187
7.30369421153046	5.61463466300141	6.93300416611222	11.6241280415244
6.43407020852506	3.74899406186225	8.79864476725138	3.98083737889839
5.61955632507963	6.17034468869226	6.37729414042137	6.8257148403099
5.9448295145469	5.24603406181421	7.30160476729942	4.87332435523793
5.42293006781885	2.08064132738494	10.4669975017287	9.16010660792211
5.95962512907165	4.0134933507652	8.53414547834843	5.37836653823113
6.77449824894966	1.79578000038026	10.7518588287334	2.41496844062148
5.99989411456335	4.46897225596509	8.07866657314854	11.0454065840754
4.24899185125044	7.17146610248646	5.37617272662717	4.13652685606738
6.96660869656093	2.7052835319772	9.84235529713643	10.4188204272737
3.68869004964426	7.04164828719984	5.50599054191379	6.86173968877465
5.51556488231282	5.20812561679073	7.3395132123229	4.13333445004126
4.72209532644845	5.13918582224743	7.4084530068662	12.6378080197982
9.11705302964207	3.08071112113796	9.46692770797567	9.2304196070008
1.65807336678979	2.3468661952166	10.200772633897	10.4056252950414
9.55476202930389	2.32979534585174	10.2178434832619	11.1916854098807
4.13682701689927	1.58702384009273	10.9606149890209	6.29288298466649
6.83202552903332	2.26119874605579	10.2864400830578	11.808850620922
4.42420353149095	4.35564804903801	8.19199078007562	5.62822162990223
6.91706270017311	5.92949617928855	6.61814264982508	11.9954515368569
4.29351031035422	2.9472448944553	9.60039393465833	5.4330139238495
7.52424272450471	2.99099496541723	9.5566438636964	10.5407897424167
4.58395790882936	4.87575687525316	7.67188195386047	10.6578850557997
7.07261486240458	2.65487380753772	9.89276502157591	3.588587576621
5.81465076618012	1.38907403886655	11.1585647902471	11.8572428867786
4.97649944279194	3.86691338087629	8.68072544823734	11.78031819394
3.53836516143633	4.23143977813952	8.31619905097411	9.75219088539243
3.98482984127008	2.30895852766537	10.2386803014483	4.89092190487626
4.54685865035955	2.28805381002502	10.2595850190886	12.2366455430723
6.47527599701977	3.62157178165773	8.9260670474559	10.8195988327561
3.2437388311317	1.33743381637704	11.2102050127366	10.3532367106684
3.72671550209187	2.58750689344691	9.96013193566672	10.3008890393716
3.39907250340787	1.10873077206986	11.4389080570438	11.3338384777893
7.33463365209612	2.33410635638558	10.2135324727281	4.07354580447289
6.37137256906681	6.09998922889031	6.44764960022332	10.89591604538
6.01572047164927	2.98664434868605	9.56099448042758	9.97443407415052
4.31091545987999	3.81512560907377	8.73251322003986	3.07748181745095
5.30512802887849	2.99040405938037	9.55723476973326	8.88908023439954
4.27189476864049	6.89635632084198	5.65128250827165	12.3939229561464
4.66679749487777	4.07958311757899	8.46805571153464	2.92163705096725
7.0198356459105	5.75009662489396	6.79754220421967	6.26559741159354
4.75417071270949	5.10639551618614	7.44124331292749	10.7707455368969
3.25332541182579	9.08352014660976	3.46411868250387	3.6806733365082
4.10370339893348	2.94028032015669	9.60735850895694	11.1057652455197
5.14137965945505	4.62348140406601	7.92415742504762	9.75078241291947
10.0247804677692	1.71314765577832	10.8344911733353	11.0899182465222
4.70866060692078	2.57992678745361	9.96771204166002	11.5749406081309
1.54019347645716	4.81980696602689	7.72783186308674	12.6606174796855
1.53787358229509	1.74736711171841	10.8002717173952	5.77363157587926
7.90389199862466	5.68246474683572	6.86517408227791	11.3505193463411
8.99937144170655	3.48933595070703	9.0583028784066	11.6911400981465
3.4222559179694	5.20564796910271	7.34199086001092	11.4897956761602
6.0631008111455	2.25627437094258	10.2913644581711	11.4340252718235
7.54706554975206	5.8452187218007	6.70242010731293	11.7867035806535
6.1131365575327	5.92498100860575	6.62265782050788	3.27855777722904
3.79464183800359	7.29920195656086	5.24843687255277	4.125679943988
4.53651130693348	5.03269104032522	7.51494778878841	7.09794484395409
4.29105320199068	1.98508679946527	10.5625520296484	11.5276751050394
7.7834881622201	4.51148866901242	8.03615016010121	5.39985840894107
8.49816882074512	6.22719835824159	6.32044047087204	12.5481695196336
2.96285072510754	5.1834389516579	7.36419987745573	10.5416788612382
2.52050259954664	3.24220494251628	9.30543388659735	12.5308379944363
5.93640370920608	7.25031692540569	5.29732190370794	4.74028637490999
4.388427751046	1.47967054105164	11.067968288062	3.96199956992982
1.99833303643151	2.09458817581596	10.4530506532977	5.03073335727807
6.91880816347564	6.01858162176832	6.52905720734531	7.39097568218877
6.3424335961146	4.22216070283103	8.3254781262826	5.63819947555916
8.38624101743634	3.57010261468978	8.97753621442385	11.7048525471839
6.89647597090892	2.86232917842559	9.68530965068804	9.5194611144578
0.709676095617984	5.9154877745722	6.63215105454143	6.01497295916226
2.45787882422425	5.27189758703503	7.2757412420786	3.26079424095781
4.42405110188832	6.14845171897554	6.39918711013809	11.3408971899838
5.20673655893695	2.15592975487873	10.3917090742349	12.1857843254269
6.87519998625566	1.78705027302404	10.7605885560896	6.08519011750108
6.49417075476229	7.01283612070174	5.53480270841189	10.5131072426683
5.78533874388153	2.53441863749398	10.0132201916197	11.311139209231
5.7375189976817	7.11918484622613	5.4284539828875	11.0879738937738
5.78757502884843	4.67348742932185	7.87415139979178	5.44881748960655
5.14022044445281	6.86845803886419	5.67918079024944	4.26845617397222
5.78306584630669	3.57299671152906	8.97464211758457	12.0456356324211
6.86266035981002	1.78903785220062	10.758600976913	10.600821256778
5.28368208032035	4.64594503649594	7.90169379261769	3.89968055504136
5.7429028595447	6.72144955202995	5.82618927708368	5.02466593950319
4.49286752064815	3.24312927216124	9.30450955695239	4.47488789297668
3.88473848761721	4.70169669702473	7.8459421320889	6.07587637654401
3.92363656370808	6.04643543174955	6.50120339736408	12.8319350307652
5.67935412273448	5.02042550454095	7.52721332457268	10.3741702489759
7.65996958896836	2.99552088292607	9.55211794618756	12.1444035275048
8.47492248558873	3.49282472046881	9.05481410864482	6.16369177597495
6.46570587150201	1.76691960534184	10.7807192237718	3.76272381558387
4.87109893045227	2.84455538560045	9.70308344351318	11.5469438586
2.79776768373537	0.563327363141895	11.9843114659717	8.92087887166552
4.67759499634071	2.89639494965325	9.65124387946038	11.8366684000554
4.80148816182785	4.24147078700746	8.30616804210618	10.6782590566396
3.73390194798203	1.52611008191499	11.0215287471986	9.66171543710246
4.32142077619303	4.25127191302944	8.29636691608419	4.83759937859666
6.42313224120644	2.36005739925259	10.187581429861	11.3948662973923
4.65116595505048	5.88000248000465	6.66763634910898	11.9630612863765
5.46819674883564	4.08059199640712	8.46704683270651	10.3829974618032
2.36538119690547	2.81874844864353	9.72889038047011	6.42136150477817
8.92578028244414	9.85771363540042	2.68992519371321	10.6283568025271
3.20296577409591	5.10818724813282	7.43945158098081	5.0295345455037
7.00842236211478	1.1135788308933	11.4340599982203	5.69145461708754
4.7985277436211	2.79782097047864	9.74981785863499	6.33444848609938
4.8635994228852	3.45459123105389	9.09304759805974	11.2013506013036
7.28961735076094	2.54767461698772	9.99996421212591	3.73020039818716
7.99474572321506	1.86891924048038	10.6787195886332	5.79168437453267
3.51377746287102	1.96154135676374	10.5860974723499	11.6778139210446
1.50126535792139	5.44501353996935	7.10262528914428	11.0998486965514
5.32082497577729	5.36473660826372	7.18290222084991	4.50407358066128
3.94090685218695	0.655698720321187	11.8919401087924	4.02741296682994
7.00512792231044	12.1590570616622	0.388581767451438	9.84142248331759
3.54685915153348	3.38426530210967	9.16337352700396	4.04754184584727
5.77715899509233	3.39750890958958	9.15012991952405	10.4521509437783
6.52329841361793	2.16073396958522	10.3869048595284	4.72147718368232
2.65026401151406	8.77236115173186	3.77527767738177	11.6913901534532
4.87110077901217	3.36253397895737	9.18510485015626	4.74388707207728
3.68536336144318	5.43626207005522	7.11137675905841	10.5688674497668
0.937356997599351	2.13646625174302	10.4111725773706	3.51401087014793
6.43204485700995	2.42860378681221	10.1190350423014	6.05586814501576
2.63570583401472	3.75875950020278	8.78887932891085	4.69624464382061
4.15814913077373	3.81843747101469	8.72920135809894	5.324742554541
5.09443722501907	8.6981638352804	3.84947499383323	12.2244198937969
8.40767302804184	5.32932542103004	7.21831340808359	9.36696911016369
3.86704944458716	1.34946129605134	11.1981775330623	11.0853831208853
7.4490339524878	3.75777930334494	8.78985952576869	5.84503700123162
1.33285135324924	5.25666741417271	7.29097141494092	10.2235880830469
4.92700974595061	3.41563345391619	9.13200537519744	5.31558756537879
1.26564064382657	2.36104600869304	10.1865928204206	4.33880873105748
2.08017911877125	5.90151354369643	6.6461252854172	6.02531661836374
4.30436203150631	2.67055691399403	9.8770819151196	11.0040053632466
3.18548898031926	4.0204367604246	8.52720206868903	11.4717366518787
5.42882225654913	2.5622372974357	9.98540153167793	5.02878649072213
8.09880901208396	2.63267322259929	9.91496560651434	11.7015791193983
3.23316006256638	3.27433519879154	9.27330363032209	2.99312896672225
4.22744688932351	3.36797714824581	9.17966168086782	11.7612925495395
4.93696644742962	1.35018608361853	11.1974527454951	12.3231193867296
2.12583479254372	2.86301910935037	9.68461971976326	10.5599736546749
0.542438247221556	6.43012588739732	6.11751294171631	5.46021654934888
8.18543955086715	2.31859190917002	10.2290469199436	4.78066135192501
4.94496935612393	5.78295333659486	6.76468549251877	10.9373235505174
5.40167345935557	2.92407175340558	9.62356707570805	2.88963168035063
2.86992038246558	4.99120060123735	7.55643822787628	5.61573499175043
2.11004604222664	2.24054367325098	10.3070951558627	6.05193053003958
4.68459552136238	4.73918621293816	7.80845261617547	4.32255875543065
5.59670038702629	2.24321700760232	10.3044218215113	10.1798479447057
4.20205698880058	3.2714534679989	9.27618536111473	5.49754227093869
5.66956519310652	6.39866182631108	6.14897700280255	10.9159472986815
7.16071141862647	5.9742952891953	6.57334353991833	4.08810599627775
3.50893378187999	1.92450192214621	10.6231369069674	11.7383308755313
6.70615541826366	2.81647048673076	9.73116834238287	4.04642561822269
6.77087294162115	6.64805334037282	5.89958548874081	10.3943547657531
6.3173409405393	2.71828266111403	9.8293561679996	5.26117289372288
6.22360075041089	1.15413887251161	11.393499956602	7.24792013901704
4.02749914471241	2.95056456113993	9.5970742679737	11.883968603655
6.23727688052247	2.07178934623257	10.4758494828811	9.82307968937763
3.54489841657597	5.28480844857895	7.26283038053468	10.2044887952822
8.59085362233517	8.86431908972048	3.68331973939315	10.7272426583133
5.85645652491337	4.5631459565997	7.98449287251393	12.0147442188125
8.30819793797233	2.17426171162972	10.3733771174839	11.9541210942312
5.66187080527621	4.06114246410933	8.4864963650043	5.18517869720093
3.60027057199906	3.56506014010727	8.98257868900636	10.6278046622375
4.45543640581129	6.38879852403902	6.15884030507461	8.94724122141126
7.60789430188733	1.82026536528665	10.727373463827	10.1859750920629
2.74697819746629	4.13552739255571	8.41211143655792	10.7387706578676
5.40451888195011	1.67864031022478	10.8689985188889	8.60726902229023
2.29928588638492	9.58324816532819	2.96439066378544	5.49625259452845
2.32782449469794	2.23618170374375	10.3114571253699	4.59520350292296
5.29798791651333	2.82659581675808	9.72104301235555	10.6624757072128
7.62375130231208	2.2830613576377	10.2645774714759	3.56193764257693
7.32169486676497	11.177642098642	1.36999673047166	7.25331658567882
5.65442463436361	4.28168485386118	8.26595397525245	4.3200317334933
4.76381748618031	3.44238996362088	9.10524886549275	12.561188979153
7.37900511612804	2.18221848069663	10.365420348417	11.0744176710259
4.29579445030168	3.58704697573753	8.9605918533761	4.38075600371594
5.26745342722281	0.450067875339611	12.097570953774	11.8217193048398
0.775175712851047	0.672651692681855	11.8749871364318	3.49790833447523
6.45166440243636	1.51036453470166	11.037274294412	3.77270123453979
4.501910204707	3.8964481558912	8.65119067322243	3.10800820216703
6.02627094751181	5.50717905143052	7.04045977768311	9.91336998341154
0.306918840496328	1.801787077965	10.7458517511486	10.0212493224727
5.74641688795508	4.40444028799035	8.14319854112328	11.2416215457263
5.41899271394609	3.20248229570429	9.34515653340934	4.16468210809008
6.79138454892122	4.19138036741307	8.35625846170056	10.27717962422
6.56101403863476	4.86457799575375	7.68306083335988	11.0323763150523
1.78934140486666	6.23408090943722	6.31355791967641	4.23082875669257
6.34685272542488	2.83341802548869	9.71422080362494	10.1175823360109
6.89306402207347	3.01788574883984	9.52975308027379	9.64920845138081
3.57587676592872	0.79958581071739	11.7480530183962	10.5990759134152
4.19821544950171	3.54727854938652	9.00036027972711	10.8914878190178
5.28852295691285	6.07252110927838	6.47511771983525	3.72336093001116
4.86319855292381	5.28196484213609	7.26567398697754	11.5596113025163
4.80886782176821	6.66015164112893	5.8874871879847	4.73636213821994
7.48751747263453	2.12477228300798	10.4228665461057	12.5647000380332
7.84788149413959	1.8337194004542	10.7139194286594	10.4940995330632
1.49526152129547	4.75306355391159	7.79457527520204	5.28737309627452
4.95592014436257	4.77870799697972	7.76893083213391	6.20937464139272
6.92540971794167	2.49290446714677	10.0547343619669	10.672212027061
7.90433422912042	3.50038309191033	9.0472557372033	2.694983146105
0.213550872270289	2.89939631321139	9.64824251590224	4.72495898462413
8.24032882295771	1.97184633617878	10.5757924929348	5.59645244561354
5.93256090956588	4.95406553978547	7.59357328932817	3.76356696734175
2.08177591947143	3.35404895968816	9.19358986942547	9.51288222277565
7.84555073119349	4.67185418338267	7.87578464573096	5.81547945464381
4.73333131014505	2.66983081931449	9.87780800979914	4.07682392615447
5.78843415080156	1.79946566217695	10.7481731669367	5.26601069086988
5.83225288141936	4.09512318570591	8.45251564340772	6.0268081224138
4.87330671992377	3.08391730932976	9.46372151978387	11.6542882164752
3.32410036570715	5.00147042332559	7.54616840578804	10.4838530529463
4.92809554585452	1.62150924854726	10.9261295805664	10.774983925699
7.11293153882897	0.370846879513438	12.1767919496002	11.6163739447684
7.76987627781134	3.1365809592316	9.41105786988203	5.16547026023162
2.24036571328617	3.60803647356487	8.93960235554876	10.7148777078825
5.70081318036236	12.1221631614411	0.425475667672535	4.90557213417562
2.90862724102043	1.71621050038036	10.8314283287333	12.099196059825
6.6519020251402	3.67637523301389	8.87126359609974	4.92068222566891
6.85420134759171	0.731322691668167	11.8163161374455	12.9135330787283
7.9366251487482	3.76937725570239	8.77826157341124	5.96121348448163
8.99838002152692	4.12966126052971	8.41797756858392	5.63279194825723
5.54044317808448	3.76758370784552	8.78005512126811	5.15551023679016
7.31452791659613	3.54392009963355	9.00371872948008	5.75302434259688
5.97585271356404	5.60695167084521	6.94068715826842	4.82579847213515
6.08458806571562	7.25258830168066	5.29505052743297	4.46547807423878
5.2601533974133	3.39414035026852	9.15349847884511	4.04860487637315
3.2688277674141	5.42252244798592	7.12511638112771	6.08030329681902
2.86152577679001	2.2291351253947	10.3185037037189	10.3928918610542
2.50164109559962	5.60511243755546	6.94252639155817	5.55310809351385
0.775821202474022	2.36931810076106	10.1783207283526	4.08017951287819
4.21004617987626	2.80215706082641	9.74548176828722	4.05697392256843
2.39493261126928	2.19717377387298	10.3504650552406	11.3705865757555
7.48929410005574	8.07469872574974	4.47294010336389	10.0339183368819
3.36539664239268	2.82666485128788	9.72097397782575	4.24934545596488
4.87870958784282	4.66186445857996	7.88577437053367	4.58420810834552
2.71168978545991	5.62761269018454	6.92002613892909	12.1488655764365
7.38801282705754	1.69707678693661	10.850562042177	11.7586674494125
6.83557902427456	4.84540603720005	7.70223279191358	10.8930686570274
2.56800811324445	1.34080772670258	11.206831102411	10.9362894928379
2.45483652395165	1.62588034291238	10.9217584862012	3.32281296092617
5.42732017606992	5.21607771999946	7.33156110911417	5.27483391952908
10.0657821847243	3.11992814769397	9.42771068141966	4.10529663950803
3.21940720743709	1.67761225596111	10.8700265731525	5.00450113275975
4.21898015771141	4.20562841317693	8.3420104159367	10.8296898645381
7.73603774428297	2.06982237632761	10.477816452786	12.6497637996695
8.50640545444314	5.22240912186814	7.32522970724549	10.9609917126824
0.50106350034304	10.0629854911415	2.48465333797217	5.60828234577138
8.36393327318162	2.357914505033	10.1897243240806	5.89640923855938
7.0920758477578	2.53508685047583	10.0125519786378	10.2893493391965
2.33181155151222	4.49967741012556	8.04796141898807	4.6783754848606
5.65658974739465	1.56274463969668	10.984894189417	9.93671085072911
7.03936405887042	2.72873629122994	9.81890253788369	10.0101031733175
4.58939225394588	5.81197742546109	6.73566140365254	11.947794658025
3.90888599247408	1.83921003419227	10.7084287949214	5.17224623089937
4.21523778132209	2.15934259816965	10.388296230944	5.17702238336385
7.7631844229488	5.85639744989111	6.69124137922252	11.5785951822277
4.38664499034959	2.38489003020871	10.1627487989049	9.56556908552311
4.29639911778645	3.57583825843431	8.97180057067932	3.86079720478461
4.65954673481625	1.50428826607643	11.0433505630372	10.7826750111549
7.33622972840689	5.857456189168	6.69018263994563	11.3949096237266
5.2804960119065	12.5476388291136	0	5.43011412789228
5.45828290149043	5.27023688198229	7.27740194713134	3.22232408556842
4.96642522514242	2.24184459051103	10.3057942386026	5.54688656429369
6.36273491166131	2.52504087389523	10.0225979552184	5.43052892865842
5.44079377950024	4.03495999168979	8.51267883742385	6.09454854861357
4.12737468051998	1.457554816855	11.0900840122586	12.0128218814388
4.86260282833386	9.20302823126003	3.3446105978536	4.08340196303645
5.5575577986143	3.24728448281664	9.30035434629699	5.01203075487826
4.01835422650378	2.07302120764947	10.4746176214642	2.9069845656039
2.27992446055788	6.7035548664113	5.84408396270233	11.0216076363462
6.99862988764894	2.12798028452606	10.4196585445876	9.23918880540323
6.81326587418664	3.8172369614201	8.73040186769353	10.9029977268593
3.28641761402198	3.227455250155	9.32018357895863	12.0288347259241
4.64140397768941	4.69104711232637	7.85659171678726	6.47384229787885
6.02524859210931	3.23929979473154	9.30833903438209	4.57797353137945
2.34485187154978	6.43502263076564	6.11261619834799	9.94202430649639
9.41733947090336	5.83536141062041	6.71227741849322	10.127746465427
6.00436416063665	4.92089895973291	7.62673986938072	10.2838309999469
4.92745079377631	4.77197318930201	7.77566563981162	6.42317080484244
4.96832969716831	1.72400753599643	10.8236312931172	11.8302538304473
6.77814022683729	6.48028413405417	6.06735469505946	10.1352079424234
9.62333800117035	6.48699960426032	6.06063922485331	4.72111813300475
5.21486610663661	3.9505181079777	8.59712072113593	5.27805450995929
5.91358211073919	2.59151557756269	9.95612325155094	5.64001586768215
6.57112525777248	6.58901023532972	5.95862859378391	10.5649641899266
4.45235100209115	5.82176573877533	6.7258730903383	11.4627789044884
6.07903154079273	4.25117893292014	8.29645989619349	11.2702233978193
6.30081937689843	2.26891961733363	10.27871921178	4.1859023650117
2.1769486063037	6.21094430121644	6.33669452789719	4.458822373599
5.45835265801789	2.45359421961534	10.0940446094983	4.54080990729271
6.86051472537692	7.24719233167921	5.30044649743442	9.92256729547382
6.32411937779866	5.79908121066069	6.74855761845294	3.26503794525903
4.45331201461836	2.98484690865546	9.56279192045817	4.96748602855544
4.12794777974812	6.23860015354883	6.3090386755648	12.2303808571907
4.55513811127011	3.30421838388803	9.2434204452256	11.4160277124286
4.5852501268566	4.2180061315055	8.32963269760813	4.87189210189511
6.88205328649926	4.16532379423265	8.38231503488098	4.19438302329349
7.52214093074175	2.27623432958644	10.2714044995272	11.5962640357129
7.01487953501657	5.10684383431616	7.44079499479747	11.5356941048678
4.47567880580177	5.35518584852739	7.19245298058624	10.9084349505386
2.76462403500825	1.99790990646184	10.5497289226518	11.8286883397742
2.13404751587838	6.42215914983847	6.12547967927516	5.96003345765078
3.06291649814833	1.99913929997892	10.5484995291347	5.17966232774383
6.54666962710833	5.44990357444997	7.09773525466366	6.51961631933053
3.38501482180128	4.60797978966	7.93965903945363	11.2057303398461
6.33070397668645	2.44582616304569	10.1018126660679	3.70984692787439
7.46578253636873	1.06334179650402	11.4842970326096	5.06348108933797
3.61867943286695	4.61703935381013	7.9305994753035	12.2605198076435
8.10429129505264	1.92842359822776	10.6192152308859	10.12116151398
3.6194750706956	3.89430516086248	8.65333366825115	6.71909078861586
6.0437940147622	5.70358957952945	6.84404924958418	11.5778068823802
4.67525345906803	4.39057122911204	8.15706760000159	6.41691326564213
7.18205904879929	3.28434917402095	9.26328965509268	11.8814363643668
5.25917840450048	4.51740482942776	8.03023399968587	2.80089269351623
5.72911240828314	3.87119057646735	8.67644825264628	11.3659977498567
9.63903248182839	7.56758117561923	4.9800576534944	12.5444083963363
6.63427031813496	3.94199583471274	8.60564299440089	3.96042568253335
5.79994955624347	4.57711865428002	7.97052017483361	5.17532306565779
3.01977964977297	1.33070607834522	11.2169327507684	10.6409619151105
5.63995082756935	0.975941093214913	11.5716977358987	9.85787289511024
6.5892233545591	3.83482469430836	8.71281413480527	3.43075986722746
4.55419353264087	3.77017614166119	8.77746268745244	4.70657927520577
4.5101892825262	4.04573605913931	8.50190276997432	10.6430009514541
1.92311439915436	0.735901929329213	11.8117368997844	5.3846122824246
8.08932178143408	1.65157064773658	10.896068181377	4.11525040093176
6.03147151182604	2.72715023402359	9.82048859509004	5.37087861411625
5.21387244435473	5.65443444604549	6.89320438306814	4.31378310922518
7.30004817152479	3.16133517204647	9.38630365706716	3.60278361241709
3.9098043782831	4.72400357309041	7.82363525602323	11.1927243184505
5.29599312096027	3.26208444849394	9.28555438061969	4.63174151575829
4.61450960463814	2.03750093038324	10.5101378987304	4.05221148246221
7.90166933254843	4.75497153141987	7.79266729769376	6.72713242352198
2.30255043358704	3.73228301935498	8.81535580975865	3.96562405776961
4.00646115685461	4.71237786991713	7.8352609591965	4.33437701562851
6.74665531018914	3.73807633862588	8.80956249048775	10.8609953009126
2.14526535510478	1.98148137230885	10.5661574568048	10.9527902736417
6.44232043543303	1.74816348499678	10.7994753441168	9.56202452991805
4.89826350178174	3.73302623361678	8.81461259549685	5.11688217098148
4.98409351825254	10.5046171977643	2.04302163134937	11.1818665709126
4.29005365999906	1.87247131787477	10.6751675112389	4.31641833857257
8.31333594038878	3.34288040767541	9.20475842143822	2.75289837936388
4.12826388551338	1.93778498349392	10.6098538456197	10.8254468637095
4.51603717114362	4.30321983167328	8.24441899744036	5.70978326147501
1.45507359250745	2.62389516705701	9.92374366205662	10.5651271449843
4.199916043331	2.11049080530778	10.4371480238059	3.00872757779125
1.00196261041106	0.849427530325077	11.6982112987886	12.302393485808
6.03218262941061	1.22674317333461	11.320895655779	11.378410236883
8.08309352238096	4.19236348517603	8.3552753439376	9.45289538177334
4.96649861887933	3.05886561297467	9.48877321613896	4.75336886664835
7.01070161594326	4.29234921493554	8.25528961417809	3.82384190902466
4.66336021250324	3.58060837973103	8.9670304493826	11.3002435356232
3.54232087571763	3.47049924587543	9.0771395832382	8.7641554938936
4.86164307408429	3.85306239562079	8.69457643349284	10.7190917493783
8.96010780476384	9.33472995593418	3.21290887317945	5.20379522750702
3.97722311607868	1.08338303284044	11.4642557962732	7.15813181793854
4.74033222075688	1.27518909076427	11.2724497383494	6.09990637436895
7.42392170487848	4.51779993462367	8.02983889448996	10.966509995718
4.71960102091697	4.43404690342079	8.11359192569284	10.9192725214284
4.6450848789946	4.72249446227327	7.82514436684036	9.86819622053483
6.24201229473647	2.28691898526122	10.2607198438524	10.6803590182688
8.71049998791495	2.2169756121693	10.3306632169443	8.95928330502762
5.98422191323422	3.75491510222548	8.79272372688815	4.61977809350499
5.17529886154798	2.53535458833859	10.012284240775	9.70692926475955
2.28531211347394	3.21470634682111	9.33293248229252	3.53431921615951
1.76100474619432	3.57962511724183	8.96801371187181	6.57816952637969
2.88242342987847	8.5036629966519	4.04397583246173	5.05832574018013
5.3116760484692	1.12386935547341	11.4237694736402	10.0747249503983
7.26629684522502	1.12961137838609	11.4180274507275	5.57175793573098
2.83120870150255	4.92772802273766	7.61991080637597	10.7072675753696
4.05974313274449	3.9039097197245	8.64372910938913	4.17850430311274
5.88961123688807	3.11558166266668	9.43205716644695	5.33205098689216
8.08091791600776	3.79941440657517	8.74822442253846	6.15037656891997
4.34270262254091	7.894404015087	4.65323481402663	3.06022810903769
5.14570335098346	3.92556605816866	8.62207277094497	10.6570355540263
5.45457024055485	4.61001179888754	7.93762703022609	11.035748472355
5.54724823751636	3.52091499314012	9.02672383597351	4.02873033893379
4.15847355849846	2.7393531194041	9.80828570970953	10.9647575352722
3.51746076169201	1.2426680289896	11.304970800124	12.6457703380136
2.64635973731391	2.93688330069287	9.61075552842076	4.23566193992733
5.49866776109027	2.98112957185738	9.56650925725625	11.41995741327
3.3398204641616	2.35789445807703	10.1897443710366	9.74511245508248
4.75680817443174	7.21500658376066	5.33263224535297	6.12502238615112
3.94661871944641	8.35415729799553	4.1934815311181	4.97353463509925
4.60708669206615	4.68054040809419	7.86709842101944	10.5019375804874
6.96969371258163	7.22271899014864	5.32491983896499	4.03129331924313
6.21193609382983	2.08555515223569	10.4620836768779	5.92768956449173
3.17513793336271	5.01189616878793	7.5357426603257	11.6691511082896
6.70923598679969	4.12450746751058	8.42313136160305	12.3817653246076
6.03325443767275	4.11188867345719	8.43575015565644	4.74689328385066
5.77411489197892	6.2196855830402	6.32795324607343	10.0995308591902
4.59636333079377	2.81097251226689	9.73666631684674	10.7214380125764
2.16990386679376	3.20198381716134	9.34565501195229	10.1003292264879
5.17215299194143	1.28678217479166	11.260856654322	5.84394127322534
5.89074509795688	1.45034293496674	11.0972958941469	6.04950103541162
2.18645259506449	3.29528241203843	9.2523564170752	11.8562081853098
5.26951425649167	5.01493480884364	7.53270402026999	10.7875274881577
6.7595972386425	5.91515701609573	6.6324818130179	5.98268191513647
0.594558910175507	3.53816743444753	9.00947139466609	5.80090214322668
7.60975711364484	6.11633301878399	6.43130581032964	4.4943615669705
4.76735248364466	5.12860500854314	7.41903382057049	4.86116593194764
6.24452178115247	2.84465032126279	9.70298850785084	9.89388121526502
5.54976105696572	9.20411422195441	3.34352460715922	5.35261564261289
5.32646134441699	4.44899228196854	8.09864654714509	9.88211267958407
7.32412182714062	1.30205045644427	11.2455883726694	4.13840684957461
6.91344614812309	4.10844185091342	8.43919697820021	9.05130422839781
9.13916002625822	1.89911987483066	10.648518954283	11.1658977705858
4.84844841459951	7.4336549840675	5.11398384504613	5.3999936894358
5.46181502601626	5.44867845038565	7.09896037872798	3.72406465058097
4.85334903879604	2.59860880858276	9.94903002053087	5.98519582948261
5.84026632892201	7.19987710400596	5.34776172510767	3.32358974565309
4.02550659562198	2.9383775787547	9.60926125035893	10.5889122785867
4.33632049355387	1.86563413221787	10.6820046968958	12.2515383817256
6.58015870088331	4.95209442747151	7.59554440164212	4.45307821573301
2.17679744511059	1.11463640763569	11.4330024214779	3.52414240381483
3.80469003923989	1.99027887355183	10.5573599555618	5.03832117381917
6.26923152509073	5.06123907163779	7.48639975747584	10.1407769460445
4.32339039151571	2.85495575151093	9.69268307760271	4.62869393043164
4.81776171423683	2.25458664488215	10.2930521842315	9.36878742738414
3.22248090623298	2.61444839627206	9.93319043284157	10.9966906124975
5.25880899997655	6.45470232622913	6.0929365028845	4.29265306708658
4.24442441216292	3.06451597942032	9.48312284969331	10.9218153639122
10.9732561128046	3.61270308411563	8.934935744998	11.408219490681
4.35807498680565	2.12671663031475	10.4209221987989	2.1833964418197
4.19194639168983	3.24555933940133	9.3020794897123	11.4132997401098
9.43383135213714	2.40246428940425	10.1451745397094	5.3540741959694
3.5792204718267	6.19226320559562	6.35537562351801	11.423893438284
3.02374153533465	3.5500051660714	8.99763366304223	4.37571037283859
4.37822985490044	3.44379942254488	9.10383940656875	5.01434339285516
9.13141448844167	2.71840205027544	9.82923677883819	12.6811604614153
4.85933627267509	3.06619267174502	9.48144615736861	5.21973820498002
10.879570789942	5.53039426764008	7.01724456147355	4.31899161848595
3.22955486731822	2.88019501199774	9.66744381711589	5.51581285091084
3.30765862031895	4.08934397567241	8.45829485344122	11.9226608684875
3.92330161471314	3.01894172395698	9.52869710515665	11.3947859004963
9.08643566853918	8.22260547500517	4.32503335410846	5.32948257554015
3.92869971704123	4.79287223950035	7.75476658961328	7.18463575558075
1.58261302261375	5.53337243143495	7.01426639767868	11.0193167309743
5.30741054698608	3.47191866407908	9.07572016503455	12.0275688225862
5.02045836709024	6.35444153795188	6.19319729116175	5.11024869873261
6.01361405065667	3.12268856442972	9.42495026468391	10.9175826485765
3.47631800488842	6.34480993175579	6.20282889735784	11.6083507000355
5.65720607157623	4.46967024066683	8.0779685884468	6.08823194684992
3.4627614489722	4.71778919167071	7.82984963744292	4.67822842228803
5.60716221564165	8.9063015876465	3.64133724146713	4.87354668965625
4.02930114650395	1.77152467645349	10.7761141526601	5.35628293619079
3.00581704622723	1.68609729216729	10.8615415369463	10.6902292929631
2.21188686678053	3.38619972362901	9.16143910548462	10.4780272780229
6.89343847558592	3.52867715488016	9.01896167423347	5.27069629185661
2.11111872308091	3.24988974363771	9.29774908547592	12.8487438785727
6.33465475619038	4.55745970852585	7.99017912058778	11.6739190817681
5.76694152349752	4.90977235957782	7.63786646953581	10.8401682946667
2.64509911095974	3.01633571500767	9.53130311410596	11.2663010117271
5.71851097238376	5.07360744921014	7.47403137990349	5.17171150727759
1.86361092867113	5.84810152631893	6.6995373027947	3.54107137110557
5.40365519610581	2.88890800436801	9.65873082474562	5.62171945096192
7.06572972172129	1.81473263157252	10.7329061975411	9.62269861516181
3.81026684545255	4.06303601593037	8.48460281318326	4.62981872294384
2.99244969003236	1.83884428610953	10.7087945430041	4.54766963368712
5.73883085061033	3.81172868873935	8.73591014037428	12.1773491582387
2.48910090468295	4.27536815180152	8.27227067731211	11.7655528078915
4.36552585801328	3.08326386199292	9.46437496712071	12.2051614337402
6.95011257989978	2.80489533888484	9.74274349022879	4.18812345901069
3.35320980203295	4.54944928626485	7.99818954284878	9.92251882669292
5.83438422393316	3.17962708671806	9.36801174239557	6.28546359681447
9.32909102321958	1.80647562745996	10.7411632016537	4.51205148988643
5.65126754026622	8.21770131897277	4.32993751014086	5.40366117034251
10.0827350862695	7.19441675768048	5.35322207143315	4.25249059720158
7.19367822164267	4.46053500052836	8.08710382858527	11.9747775751728
5.15986498191774	7.59011145966894	4.95752736944469	8.23644686651757
4.20180768607429	3.42684915991032	9.12078966920331	12.4325340940803
4.38698063589627	6.04519859305903	6.5024402360546	11.7996694038088
8.122258929265	2.49857753722365	10.04906129189	10.4716680809559
3.50083456076803	1.3180328485727	11.2296059805409	9.76533495206869
2.97408653238389	3.19402214111936	9.35361668799426	7.58536547208005
6.87099921321095	3.75085502569711	8.79678380341652	5.04817672900408
1.98325373423842	4.36962780698527	8.17801102212836	10.9401838516916
4.42557387214101	1.436191705757	11.1114471233566	5.51991174890776
1.15770692302692	2.58761994212406	9.96001888698957	10.2638402673589
1.81797992018423	4.7137118886424	7.83392694047123	9.93502351840541
3.8857270040179	6.32737264443866	6.22026618467497	6.40472002081303
4.30842301764357	2.60559363996296	9.94204518915067	10.520694930468
4.72637944510132	2.08199440348856	10.4656444256251	11.2778428368136
4.74987215232096	4.13921903955054	8.40841978956309	12.2941099513812
9.46327422147016	4.24940973766376	8.29822909144987	4.8899859559011
