3.64
3.72
3.62
3.86
3.73
3.62
3.75
3.77
3.76
3.67
3.85
3.74
3.64
3.48
3.81
3.7
3.7
3.79
3.78
3.76
3.79
3.78
3.71
3.5
3.76
3.69
3.68
3.55
3.65
3.74
3.84
3.69
3.74
3.69
3.56
3.66
3.66
3.69
3.81
3.78
3.68
3.67
3.77
3.76
3.63
3.63
3.74
3.78
3.69
3.79
3.74
3.64
3.73
3.59
3.84
3.9
3.66
3.6
3.76
3.69
3.94
3.7
3.77
3.7
3.63
3.72
3.52
3.85
3.72
3.92
3.75
3.63
3.76
3.61
3.57
3.73
3.66
3.7
3.71
3.64
3.64
3.69
3.82
3.55
3.76
3.73
3.81
3.67
3.74
3.73
3.65
3.82
3.82
3.77
3.86
3.76
3.57
3.64
3.58
3.65
3.64
3.7
3.61
3.72
3.63
3.88
3.77
3.79
3.74
3.87
3.64
3.65
3.84
3.63
3.68
3.66
3.67
3.67
3.75
3.68
3.65
3.83
3.68
3.68
3.69
3.77
3.69
3.7
3.63
3.67
3.71
3.64
3.75
3.55
3.73
3.55
3.67
3.65
3.63
3.69
3.51
3.82
3.53
3.65
3.59
3.62
3.91
3.7
3.57
3.54
3.75
3.7
3.67
3.61
3.55
3.59
3.8
3.64
3.56
3.89
3.74
3.68
3.81
3.79
3.64
3.92
3.67
3.56
3.69
3.72
3.93
3.71
3.75
3.69
3.67
3.7
3.78
3.91
3.8
3.82
3.58
3.8
3.72
3.55
3.75
3.68
3.85
3.62
3.66
3.61
3.68
3.74
3.63
3.78
3.58
3.6
3.84
3.6
3.74
3.66
3.74
3.87
3.86
3.67
3.47
3.95
3.77
3.75
3.7
3.75
3.68
3.74
3.66
3.56
3.8
3.85
3.67
3.57
3.76
3.7
3.53
3.7
3.64
3.67
3.58
3.88
3.67
3.54
3.72
3.73
3.6
3.41
3.64
3.76
3.69
3.69
3.76
3.58
3.81
3.7
3.77
3.8
3.72
3.61
3.82
3.5
3.65
3.67
3.68
3.8
3.71
3.74
3.69
3.68
3.77
3.81
3.46
3.76
3.74
3.66
3.8
3.66
3.67
3.79
3.87
3.73
3.66
3.58
3.67
3.61
3.67
3.74
3.61
3.96
3.72
3.81
3.47
3.77
3.57
3.79
3.74
3.66
3.83
3.63
3.64
3.6
3.63
3.79
3.74
3.8
3.66
3.74
3.72
3.56
3.88
3.71
3.78
3.8
3.69
3.67
3.79
3.6
3.9
3.66
3.87
3.85
3.71
3.76
3.6
3.73
3.8
3.71
3.65
3.63
3.7
3.81
3.65
3.69
3.57
3.75
3.83
3.85
3.78
3.51
3.75
3.75
3.66
3.72
3.61
3.77
3.67
3.54
3.66
3.84
3.67
3.77
3.79
3.7
3.66
3.65
3.77
3.59
3.72
3.67
3.47
3.56
3.79
3.68
3.78
3.89
3.85
3.77
3.74
3.68
3.86
3.76
3.58
3.68
3.51
3.68
3.44
3.83
3.64
3.66
3.68
3.76
3.77
3.76
3.64
3.56
3.66
3.73
3.62
3.69
3.58
3.7
3.71
3.69
3.68
3.88
3.78
3.81
3.61
3.72
3.82
3.69
3.49
3.73
3.51
3.62
3.83
3.76
3.81
3.73
3.69
3.61
3.86
3.7
3.63
3.79
3.81
3.89
3.64
3.66
3.66
3.66
3.66
3.67
3.84
3.63
3.66
3.77
3.81
3.62
3.65
3.75
3.8
3.67
3.56
3.87
3.84
3.63
3.69
3.52
3.76
3.86
3.54
3.62
3.64
3.63
3.5
3.75
3.55
3.7
3.76
3.68
3.79
3.7
3.64
3.76
3.66
3.88
3.7
3.79
3.72
3.4
3.56
3.66
3.72
3.47
3.8
3.64
3.62
3.54
3.55
3.71
3.75
3.49
3.6
3.75
3.65
3.92
3.82
3.76
3.7
3.73
3.63
3.76
3.85
3.81
3.62
3.54
3.69
3.74
3.84
3.57
3.74
3.72
3.82
3.7
3.66
3.59
3.65
3.66
3.94
3.94
3.68
3.6
3.5
3.75
3.59
3.93
3.61
3.71
4.08
3.59
3.73
3.59
3.73
3.61
3.71
3.67
3.58
3.7
3.8
3.86
3.56
3.68
3.82
3.59
3.45
3.61
3.6
3.7
3.66
3.72
3.66
3.74
3.66
3.82
3.63
3.73
3.61
3.72
3.7
3.53
3.69
3.82
3.77
3.71
3.58
3.82
3.71
3.65
3.86
3.62
3.73
3.83
3.76
3.67
3.66
3.74
3.75
3.7
3.83
3.69
3.63
3.75
3.48
3.74
3.75
3.68
3.59
3.66
3.85
3.63
3.47
3.78
3.65
3.65
3.58
3.7
3.77
3.64
3.64
3.81
3.68
3.68
3.64
3.79
3.6
3.78
3.78
3.65
3.78
3.8
3.76
3.9
3.5
3.58
3.56
3.72
3.86
3.87
3.75
3.79
3.69
3.75
3.74
3.62
3.67
3.69
3.84
3.6
3.49
3.78
3.62
3.66
3.79
3.62
3.67
3.85
3.75
3.75
3.69
3.59
3.55
3.68
3.9
3.72
3.72
3.73
3.66
3.56
3.97
3.66
3.67
3.52
3.68
3.68
3.67
3.52
3.88
3.88
3.77
3.59
3.77
3.68
3.67
3.84
3.58
3.65
3.63
3.7
3.54
3.63
3.77
3.75
3.6
3.76
3.46
3.67
3.77
3.63
3.7
3.54
3.78
3.51
3.67
3.67
3.71
3.62
3.88
3.56
3.73
3.41
3.7
3.75
3.59
3.77
3.73
3.8
3.62
3.6
3.52
3.67
3.57
3.77
3.71
3.92
3.58
3.82
3.65
3.55
3.76
3.56
3.59
3.63
3.72
3.6
3.81
3.58
3.72
3.71
3.59
3.66
3.63
3.8
3.86
3.6
3.79
3.69
3.5
3.62
3.75
3.71
3.46
3.76
3.77
3.67
3.63
3.9
3.69
3.7
3.59
3.57
3.55
3.66
3.84
3.88
3.86
3.83
3.68
3.58
3.67
3.46
3.67
3.87
3.71
3.81
3.75
3.62
3.87
3.69
3.6
3.71
3.55
3.79
3.75
3.66
3.65
3.79
3.59
3.6
3.74
3.65
3.79
3.68
3.82
3.75
3.48
3.57
3.83
3.77
3.6
3.57
3.8
3.62
3.88
3.88
3.55
3.62
3.57
3.77
3.57
3.5
3.9
3.8
3.78
3.63
3.7
3.76
3.57
3.69
3.72
3.87
3.76
3.83
3.71
3.59
3.67
3.53
3.79
3.84
3.69
3.6
3.81
3.71
3.66
3.81
3.62
3.81
3.62
3.74
3.79
3.57
3.74
3.69
3.77
3.62
3.69
3.84
3.72
3.78
3.68
3.6
3.7
3.58
3.44
3.82
3.59
3.52
3.8
3.7
3.64
3.68
3.66
3.8
3.77
3.53
3.74
3.77
3.77
3.46
3.68
3.9
3.78
3.53
3.53
3.75
3.68
3.8
3.73
3.71
3.72
3.72
3.57
3.93
3.56
3.7
3.65
3.88
3.8
3.64
3.72
3.82
3.92
3.73
3.6
3.6
3.9
3.49
4.01
3.67
3.65
3.72
3.79
3.73
3.5
3.74
3.75
3.77
3.6
3.46
3.67
3.61
3.62
3.6
3.66
3.67
3.78
3.8
3.62
3.67
3.74
3.84
3.69
3.53
3.72
3.69
3.88
3.73
3.64
3.66
3.65
3.72
3.72
3.79
3.73
3.66
3.61
3.76
3.69
3.72
3.81
3.88
3.6
3.86
3.61
3.73
3.72
3.67
3.84
3.63
3.77
3.7
3.61
3.82
3.49
3.65
3.55
3.72
3.73
3.59
3.77
3.6
3.77
3.72
3.77
3.61
3.71
3.65
3.55
3.72
3.88
3.64
3.68
3.77
3.7
3.89
3.77
3.93
3.73
3.59
3.74
3.61
3.6
3.68
3.79
3.73
3.78
3.79
3.68
3.46
3.78
3.92
3.71
3.56
3.66
3.61
3.7
3.77
3.79
3.72
3.61
3.78
3.83
3.93
3.65
3.75
3.82
3.69
3.75
3.72
3.69
3.72
3.8
3.74
3.65
3.48
3.62
3.7
3.45
3.92
3.55
3.58
3.85
3.48
3.77
3.67
3.75
3.79
3.6
3.63
3.4
3.6
3.74
3.75
3.9
3.71
3.75
3.71
3.65
3.77
3.75
3.71
3.62
3.7
3.78
3.77
3.65
3.63
3.75
3.8
3.71
3.67
3.61
3.66
3.55
3.63
