estatura;peso
1.81;79.13
1.77;73.31
1.77;70.62
1.62;66.43
1.65;67.37
1.83;77.04
1.63;70.38
1.88;75.5
1.9;74.15
1.7;73.59
1.61;64.1
1.72;73.26
1.62;67.19
1.74;76.15
1.85;80.11
1.67;64.44
1.72;66.87
1.8;73.91
1.75;71.94
1.66;69.82
1.88;79.2
1.9;79.51
1.84;72.71
1.74;75.23
1.69;72.14
1.88;80.06
1.81;77.99
1.76;74.55
1.64;65.07
1.6;63.34
1.63;65.28
1.86;82.62
1.67;64.81
1.88;75.22
1.73;76.78
1.66;68.36
1.69;69.67
1.63;66.87
1.68;69.62
1.77;70.94
1.66;66.77
1.71;72.93
1.9;81.11
1.63;69.95
1.64;70.89
1.82;73.35
1.62;75.57
1.7;71.75
1.69;67.3
1.86;75.7
1.89;78.3
1.71;67.78
1.63;69.68
1.78;74.11
1.63;66.91
1.63;70.59
1.67;74.01
1.69;68.32
1.86;81.95
1.79;75.33
1.74;65.42
1.72;76.44
1.65;71.81
1.77;76.58
1.81;72.69
1.88;79.36
1.67;70.32
1.8;76.03
1.68;66.12
1.86;74.86
1.77;68.03
1.77;75.94
1.69;67.65
1.8;73.42
1.81;75.42
1.63;65.7
1.89;74.8
1.64;66.27
1.79;77.94
1.64;71.48
1.89;77.15
1.8;75.85
1.78;74.21
1.63;64.92
1.75;70.25
1.81;77.17
1.82;75.62
1.6;68.23
1.72;69.76
1.85;76.8
1.87;79.18
1.76;71.2
1.63;73.28
1.76;71.3
1.72;74.34
1.82;79.17
1.8;77.29
1.75;71.98
1.65;68.82
1.9;79.81
1.89;77.78
1.81;77.13
1.89;82.29
1.89;83.14
1.64;67.83
1.79;75.23
1.67;64.06
1.75;74.67
1.79;74.91
1.79;74.98
1.82;79.53
1.63;69.58
1.64;64.73
1.79;71.01
1.61;67.92
1.79;76.06
1.65;71.51
1.61;67.89
1.63;64.01
1.83;77.25
1.82;70.58
1.78;71.14
1.88;79.21
1.79;71.95
1.71;71.07
1.69;71
1.7;71.3
1.89;77.58
1.84;76.51
1.86;78.07
1.83;77.36
1.62;64.8
1.7;73.49
1.74;69.24
1.83;82.02
1.64;64.95
1.63;63.26
1.66;70.63
1.61;69.07
1.83;81.99
1.86;80.23
1.64;66.79
1.81;71.64
1.63;66.37
1.89;82.61
1.63;64.97
1.73;69.82
1.65;72.52
1.76;70.36
1.84;75.89
1.84;80.67
1.63;60.11
1.89;84.31
1.62;64.91
1.67;72.58
1.66;64.94
1.6;61.96
1.89;77.57
1.89;78.19
1.88;82.54
1.63;66.79
1.83;79.12
1.88;79.11
1.76;70.13
1.72;79.16
1.73;66.64
1.7;73.07
1.64;65.79
1.68;70.1
1.78;74.26
1.69;69.11
1.82;72.87
1.86;75.74
1.81;77.83
1.8;75.58
1.66;65.97
1.84;74.75
1.65;69.15
1.79;72.18
1.81;74.68
1.65;64.37
1.7;73.39
1.89;75.27
1.83;71.36
1.66;70.33
1.88;79.96
1.82;79.53
1.67;72.86
1.86;71.84
1.81;72.07
1.9;82.24
1.65;64.31
1.82;71
1.69;71.89
1.7;68.55
1.62;63.84
1.64;65.5
1.66;67.16
1.63;68.47
1.66;64.57
1.83;77.07
1.76;76.9
1.7;70.81
1.9;76.89
1.85;82.99
1.65;66.23
1.61;67.48
1.81;72.85
1.75;74.71
1.71;64.43
1.86;77.02
1.68;70.86
1.76;73.86
1.76;73.69
1.73;69.89
1.76;73.91
1.63;62.71
1.72;69.8
1.62;64.48
1.68;68.01
1.69;71.73
1.87;84.06
1.64;67.43
1.64;72
1.74;71.4
1.8;73.04
1.78;71.38
1.85;76.78
1.64;64.19
1.79;73.34
1.76;72.76
1.89;78.37
1.77;72.1
1.63;70.38
1.82;74.08
1.77;73.68
1.71;73.27
1.66;71.05
1.77;71.49
1.7;71.27
1.83;74.9
1.86;76.29
1.72;76.15
1.63;64.06
1.63;66.13
1.65;68.49
1.71;72.91
1.6;66.8
1.63;63.53
1.74;69.24
1.9;78.88
1.75;72.66
1.63;66.29
1.67;66.84
1.74;69.6
1.65;69.44
1.78;71.03
1.65;67.21
1.84;82.99
1.67;67.78
1.79;77.05
1.87;77.98
1.71;67.65
1.74;73.67
1.83;77.25
1.69;73.51
1.75;69.14
1.89;77.19
1.73;70.8
1.82;80.56
1.78;69.94
1.75;71.67
1.76;68.93
1.75;72.59
1.7;72.76
1.79;69.66
1.63;68.45
1.83;73.59
1.65;66.76
1.78;70.96
1.88;76.9
1.68;68.65
1.87;78.07
1.61;66.14
1.79;78.62
1.63;61.69
1.89;79.57
1.71;71.56
1.65;61.18
1.76;71.89
1.71;75.9
1.66;71.87
1.67;72.42
1.63;68.47
1.71;75.71
1.88;82.48
1.65;68.31
1.89;74.32
1.73;67.48
1.89;74.7
1.88;78.37
1.86;83.67
1.72;66.4
1.62;67.03
1.7;71.59
1.83;79.85
1.64;64.05
1.83;80.09
1.85;72.99
1.67;67.46
1.73;73.67
1.68;68.58
1.79;72.4
1.65;70.22
1.62;61.07
1.82;76.23
1.85;74.96
1.65;67.67
1.68;67.23
1.61;65.63
1.86;76.88
1.71;76.2
1.83;70.53
1.83;75.01
1.77;73.91
1.88;80.7
1.84;78.22
1.61;64.7
1.65;67.1
1.66;64.48
1.73;66.05
1.85;78.8
1.8;77.19
1.76;73.42
1.89;82.28
1.65;61.94
1.76;71.13
1.9;81.47
1.61;65.9
1.87;78.4
1.84;77.92
1.69;70.88
1.81;72.45
1.61;71.58
1.82;75.82
1.68;67.26
1.76;66.8
1.73;65.85
1.63;71.33
1.62;59.93
1.89;81.77
1.78;76.18
1.76;66.12
1.78;71.12
1.68;69.7
1.75;75.5
1.64;66.18
1.69;75.39
1.89;80.65
1.68;73.76
1.67;72.04
1.77;71.48
1.69;71.52
1.76;77.79
1.77;70.71
1.65;65.47
1.65;62.37
1.6;63.88
1.88;80.05
1.6;62.04
1.73;75.18
1.68;71.22
1.8;73.19
1.83;79.12
1.72;70.7
1.68;67.25
1.79;71.57
1.83;74.94
1.75;81.16
1.61;61.13
1.69;72.01
1.78;76.19
1.83;72.7
1.75;72.17
1.84;75.95
1.78;76.67
1.75;73.27
1.82;74.89
1.73;74.14
1.69;72.5
1.76;74.41
1.85;73.32
1.61;60.94
1.83;78.27
1.79;77.42
1.68;67.23
1.82;73.25
1.88;81.34
1.7;75.23
1.9;74.5
1.76;73.29
1.87;82.82
1.71;66.42
1.65;68.83
1.66;71.75
1.85;76.37
1.73;70.41
1.63;64.41
1.73;66.05
1.78;70.37
1.66;67.76
1.67;67.17
1.74;75.23
1.67;70.33
1.76;74.35
1.83;80.25
1.64;63.23
1.78;70.38
1.88;80.99
1.88;81.95
1.78;79.14
1.85;74.72
1.64;68.56
1.64;68.11
1.62;69.2
1.79;69.99
1.63;63.45
1.86;76.77
1.74;64.33
1.76;71.13
1.76;71.64
1.74;75.74
1.71;67.24
1.84;73.75
1.88;81.56
1.89;79.79
1.71;67.4
1.73;72.69
1.74;70.72
1.88;79.97
1.66;64.39
1.76;74.1
1.73;71.68
1.77;72.97
1.82;78.01
1.7;76.94
1.79;70.15
1.72;65.77
1.64;71.22
1.88;78.83
1.66;72.16
1.81;72.36
1.65;64.23
1.79;72.78
1.78;72.05
1.6;65.97
1.85;82.18
1.65;72.85
1.88;81.76
1.86;80.99
1.66;57.14
1.63;64.47
1.84;76.8
1.83;77.99
1.81;71.8
1.62;65.96
1.84;78.09
1.73;74.83
1.61;63.09
1.68;68.25
1.8;76.63
1.62;64.01
1.7;65.49
1.62;60.2
1.84;78.62
1.74;70.43
1.74;64.49
1.83;72.35
1.62;64.68
1.87;79.58
1.65;70.25
1.74;69.91
1.72;70.52
1.65;71.55
1.65;70.85
1.86;73.98
1.74;71.93
1.68;66.83
1.65;68.98
1.66;70.1
1.78;73.56
1.81;72.41
1.64;65.73
1.74;70.32
1.71;69.84
1.8;73.73
1.61;61.7
1.7;70.04
1.86;81.04
1.78;74.19
1.71;67.45
1.84;77.92
1.74;67.78
1.84;75.21
1.7;69.84
1.89;81.68
1.87;81.83
1.87;77.63
1.85;76.94
1.61;65.6
1.61;68.35
1.79;74.95
1.8;73.29
1.72;73.4
1.69;70.75
1.62;64.83
1.8;81.37
1.77;73.12
1.7;58.5
1.74;69
1.78;72.7
1.67;67.94
1.7;73.49
1.86;76.57
1.86;81.99
1.86;71.89
1.82;78.74
1.89;82.28
1.74;69.35
1.79;77.21
1.82;76.09
1.61;65.96
1.83;77.4
1.78;70.35
1.64;63.67
1.81;78.59
1.86;73.4
1.87;80.48
1.77;68.01
1.75;76.08
1.62;61.29
1.68;66.18
1.88;80.89
1.75;78.8
1.78;73.36
1.66;71.86
1.65;69.81
1.71;67.93
1.76;75.2
1.73;68.75
1.88;77.75
1.8;75
1.69;72.48
1.83;79.09
1.83;78
1.76;66.18
1.87;80.12
1.74;72.55
1.84;82.48
1.64;64.37
1.74;70.54
1.62;62.14
1.81;77.36
1.77;72.78
1.62;66.96
1.65;65.06
1.61;62.74
1.75;74.93
1.78;82.67
1.68;65.28
1.62;62.29
1.67;63.35
1.85;72.52
1.68;65.61
1.75;74.38
1.76;72.83
1.65;71.63
1.63;66.71
1.63;66.16
1.75;73.12
1.61;67.79
1.82;73.82
1.71;69.41
1.75;71.53
1.67;74.51
1.67;69.79
1.69;69.39
1.86;80.47
1.64;65.71
1.77;73.58
1.66;71.63
1.85;75.57
1.7;74.77
1.85;76.94
1.62;64.11
1.77;72.43
1.89;76.83
1.73;69.77
1.63;70.51
1.66;70.68
1.74;74.15
1.85;78.84
1.79;78.75
1.61;69.01
1.85;75.03
1.63;67.28
1.88;75.24
1.64;67.2
1.61;63.5
1.71;72.05
1.8;72.22
1.78;72.07
1.8;73.43
1.86;75.03
1.68;70.25
1.63;68.88
1.82;75.61
1.61;65.05
1.87;78.83
1.87;76.74
1.6;62.49
1.76;68.71
1.66;69.88
1.72;68.63
1.67;67.73
1.64;66.15
1.84;76.74
1.7;69.91
1.85;72.63
1.72;70.87
1.7;69.94
1.76;70.92
1.79;73.85
1.72;72.67
1.7;69.99
1.81;82.4
1.71;70.11
1.65;67.62
1.74;72.22
1.69;67.97
1.63;67.96
1.79;71.11
1.75;73.72
1.65;66.96
1.67;73.31
1.85;75.88
1.87;75.46
1.83;73.45
1.83;74.35
1.71;68.99
1.68;71.18
1.9;78.33
1.79;72.13
1.67;67.02
1.73;71.39
1.68;71.43
1.74;70.41
1.76;76.27
1.62;61.85
1.72;70.68
1.65;59.04
1.84;76.14
1.89;81.62
1.75;69.08
1.62;67.55
1.83;77.47
1.8;72.79
1.61;67.46
1.77;78.95
1.74;72.99
1.69;67.43
1.64;68.5
1.77;68.89
1.66;63
1.71;73.29
1.64;67.06
1.86;84.77
1.76;71.17
1.77;76.31
1.61;64.33
1.64;65.29
1.87;72.06
1.83;75.96
1.77;78.2
1.67;71.18
1.7;77.21
1.62;62.72
1.74;76.68
1.88;77.85
1.64;70.67
1.63;65.23
1.62;66.16
1.89;81.45
1.68;72.3
1.67;69.93
1.73;67.2
1.82;79.73
1.67;70.66
1.82;75.75
1.68;76.03
1.65;69.46
1.86;82.21
1.75;74.75
1.63;66.4
1.8;76.48
1.63;73.88
1.78;75.94
1.82;71.47
1.65;70.73
1.76;72.74
1.89;85.9
1.76;71.01
1.64;63.78
1.63;66.16
1.7;69.6
1.86;75.82
1.7;69.59
1.64;69.06
1.81;79.56
1.69;69.84
1.68;68.34
1.61;65.07
1.82;77.77
1.61;65.24
1.83;74.21
1.69;70.43
1.83;74.65
1.86;77.94
1.65;72.67
1.81;76.86
1.82;73.98
1.86;75.54
1.67;68.48
1.83;74.34
1.78;77.16
1.83;73.94
1.65;60.21
1.6;68.01
1.67;69.76
1.76;75.85
1.76;74.26
1.67;70.98
1.88;82.32
1.64;69.81
1.75;76.19
1.64;66.09
1.73;71.29
1.72;71.64
1.77;71.34
1.86;79.13
1.84;77.23
1.84;80.48
1.68;65.43
1.77;77.92
1.72;68.56
1.8;73.82
1.84;72.89
1.7;68.15
1.72;65.15
1.87;81.74
1.79;73.71
1.7;74.49
1.81;74.4
1.72;71.95
1.74;77.64
1.82;73.71
1.69;69.89
1.82;78.2
1.88;80.76
1.79;69.89
1.7;68.69
1.63;68.72
1.77;74.26
1.85;80.55
1.61;68.23
1.7;70.64
1.77;78.39
1.75;70.8
1.68;70.41
1.88;76.86
1.63;59.18
1.84;79.6
1.84;81.97
1.71;68.49
1.63;64.56
1.6;66.75
1.8;64.24
1.64;65.47
1.77;77.26
1.79;68.94
1.83;80.82
1.7;73.46
1.79;72.32
1.64;66.62
1.79;67.82
1.69;65.41
1.79;70.25
1.74;71.06
1.78;75.62
1.89;81.42
1.82;76.43
1.61;62.17
1.83;74.31
1.75;68.89
1.66;71.73
1.68;65.96
1.67;68.04
1.71;69.3
1.74;74.42
1.61;70.16
1.88;86.5
1.78;70.22
1.74;72
1.74;64.55
1.63;65.41
1.86;76.56
1.87;77.38
1.82;75.66
1.9;81.59
1.7;70.09
1.78;72.28
1.77;75.6
1.71;76.29
1.73;73.41
1.79;73.42
1.76;72.24
1.65;61.7
1.85;73.86
1.81;77.1
1.82;74.81
1.72;73.1
1.86;77.81
1.78;74.33
1.71;67.93
1.61;70.05
1.64;72.16
1.77;80.03
1.83;75.46
1.67;66.84
1.72;68.97
1.64;71.56
1.77;72.68
1.78;77.43
1.89;78.28
1.61;64.75
1.85;76.54
1.71;66.96
1.77;72.08
1.67;70.47
1.78;74.5
1.89;78.18
1.8;74.36
1.89;80.17
1.72;69.31
1.72;72.73
1.76;72.37
1.7;69.23
1.84;70.78
1.68;69.71
1.8;74.96
1.66;66.79
1.74;69.42
1.81;81.07
1.79;78.93
1.66;69.54
1.73;69.65
1.84;81.52
1.9;79.02
1.82;75.13
1.78;79.07
1.72;69.54
1.81;80.91
1.73;76.8
1.68;69.58
1.83;80.16
1.74;66.47
1.79;74.93
1.63;65.62
1.69;70.24
1.78;70.88
1.82;75.09
1.78;75.27
1.74;76.37
1.81;79.03
1.69;76.94
1.75;76.05
1.78;72.2
1.87;80.54
1.74;73.62
1.6;62.28
1.7;69.34
1.87;84.07
1.73;67.79
1.78;71.25
1.85;78.81
1.83;76.02
1.8;70.52
1.72;71
1.85;78.33
1.71;63.62
1.79;74.7
1.81;76.47
1.86;78.37
1.86;77.66
1.6;64.87
1.61;63.73
1.77;72.71
1.9;72.26
1.62;63.75
1.89;80.42
1.71;67.78
1.78;74.8
1.83;78.55
1.6;64.49
1.6;64.55
1.76;75.28
1.72;71.46
1.69;67.19
1.62;68.85
1.8;74.47
1.61;65.23
1.65;67.38
1.79;77.1
1.88;76.49
1.89;80.99
1.68;68.55
1.82;70.68
1.83;74.71
1.86;80.77
1.61;68.49
1.88;78.09
1.69;63.97
1.73;69.09
1.61;65.69
1.86;78.85
1.65;69.02
1.69;73.88
1.67;71.66
1.8;79.64
1.63;66.51
1.79;72.29
1.74;73.18
1.85;75.77
1.9;81.57
1.71;73.82
1.63;67.44
1.77;73.7
1.84;80.39
1.87;76.65
1.75;68.67
1.66;65.9
1.68;62.66
1.87;73.86
1.82;69.4
1.65;69.87
1.63;66.28
1.61;64.85
1.84;80.98
1.76;70.41
1.81;76.47
1.81;73.73
1.86;72.91
1.77;72.55
1.87;82.15
1.82;78.6
1.82;75.07
1.84;77.22
1.68;64.83
1.68;69.68
1.72;68.35
1.69;69.82
1.62;65.2
1.65;63.93
1.85;76.65
1.71;73.41
1.65;70.5
1.89;82.4
1.67;68.38
1.75;66.29
1.63;63.34
1.78;73.75
1.8;80.05
1.81;79.19
1.79;75.74
1.7;67.42
1.82;74.46
1.79;72.95
1.73;73.81
1.76;77.15
1.65;67.09
1.78;72.2
1.63;63
1.63;71.35
1.83;74.11
1.74;70.32
1.6;67.13
1.88;75.17
1.78;69.84
1.75;77.17
1.8;70.97
